-4.81928e-4 -1.14286e-3
-7.22892e-3 1.60000e-2
-1.68675e-2 3.88571e-2
-2.26506e-2 5.71429e-2
-3.22892e-2 8.22857e-2
-4.77108e-2 1.28000e-1
-5.73494e-2 1.64571e-1
-6.69880e-2 2.03429e-1
-7.46988e-2 2.35429e-1
-8.62651e-2 2.69714e-1
-9.78313e-2 3.13143e-1
-1.07470e-1 3.54286e-1
-1.15181e-1 3.95429e-1
-1.19036e-1 4.29714e-1
-1.24819e-1 4.77714e-1
-1.32530e-1 5.05143e-1
-1.34458e-1 5.32571e-1
-1.34458e-1 5.55429e-1
-1.32530e-1 5.89714e-1
-1.26747e-1 6.26286e-1
-1.24819e-1 6.53714e-1
-1.09398e-1 6.85714e-1
-9.97590e-2 7.15429e-1
-8.81928e-2 7.24571e-1
-6.12048e-2 7.61143e-1
-3.22892e-2 7.77143e-1
-1.10843e-2 7.90857e-1
1.97590e-2 8.16000e-1
4.48193e-2 8.27429e-1
7.37349e-2 8.34286e-1
9.87952e-2 8.45714e-1
1.27711e-1 8.52571e-1
1.46988e-1 8.59429e-1
1.68193e-1 8.73143e-1
1.85542e-1 8.77714e-1
2.10602e-1 8.82286e-1
2.35663e-1 8.93714e-1
2.64578e-1 8.98286e-1
2.95422e-1 9.07429e-1
3.32048e-1 9.16571e-1
3.64819e-1 9.23429e-1
3.95663e-1 9.25714e-1
4.24578e-1 9.32571e-1
4.55422e-1 9.34857e-1
4.82410e-1 9.41714e-1
5.07470e-1 9.46286e-1
5.30602e-1 9.48571e-1
5.78795e-1 9.53143e-1
6.09639e-1 9.60000e-1
6.38554e-1 9.64571e-1
6.80964e-1 9.71429e-1
7.11807e-1 9.78286e-1
7.54217e-1 9.80571e-1
7.90843e-1 9.85143e-1
8.27470e-1 9.87429e-1
8.64096e-1 9.87429e-1
8.93012e-1 9.89714e-1
9.20000e-1 9.92000e-1
9.54699e-1 9.94286e-1
9.79759e-1 9.94286e-1
