p,Points_0,Points_1,Points_2,U_0,U_1,U_2
-8.589450e-03,0.000000e+00,5.000000e-01,5.000000e-02,0.000000e+00,0.000000e+00,0.000000e+00
-8.604756e-03,1.000000e-03,5.000000e-01,5.000000e-02,-1.453444e-05,1.248210e-03,0.000000e+00
-8.620060e-03,2.000000e-03,5.000000e-01,5.000000e-02,-2.906888e-05,2.496419e-03,0.000000e+00
-8.635365e-03,3.000000e-03,5.000000e-01,5.000000e-02,-4.360332e-05,3.744629e-03,0.000000e+00
-8.650670e-03,4.000000e-03,5.000000e-01,5.000000e-02,-5.813776e-05,4.992838e-03,0.000000e+00
-8.665975e-03,5.000000e-03,5.000000e-01,5.000000e-02,-7.267219e-05,6.241048e-03,0.000000e+00
-8.681280e-03,6.000000e-03,5.000000e-01,5.000000e-02,-8.720664e-05,7.489257e-03,0.000000e+00
-8.696585e-03,7.000000e-03,5.000000e-01,5.000000e-02,-1.017411e-04,8.737467e-03,0.000000e+00
-8.714959e-03,8.000000e-03,5.000000e-01,5.000000e-02,-1.206869e-04,9.974546e-03,0.000000e+00
-8.746636e-03,9.000000e-03,5.000000e-01,5.000000e-02,-1.587489e-04,1.116338e-02,0.000000e+00
-8.778312e-03,1.000000e-02,5.000000e-01,5.000000e-02,-1.968108e-04,1.235222e-02,0.000000e+00
-8.809989e-03,1.100000e-02,5.000000e-01,5.000000e-02,-2.348727e-04,1.354107e-02,0.000000e+00
-8.841665e-03,1.200000e-02,5.000000e-01,5.000000e-02,-2.729347e-04,1.472990e-02,0.000000e+00
-8.873342e-03,1.300000e-02,5.000000e-01,5.000000e-02,-3.109966e-04,1.591874e-02,0.000000e+00
-8.905019e-03,1.400000e-02,5.000000e-01,5.000000e-02,-3.490586e-04,1.710759e-02,0.000000e+00
-8.936695e-03,1.500000e-02,5.000000e-01,5.000000e-02,-3.871205e-04,1.829642e-02,0.000000e+00
-8.968143e-03,1.600000e-02,5.000000e-01,5.000000e-02,-4.344049e-04,1.946351e-02,0.000000e+00
-8.999211e-03,1.700000e-02,5.000000e-01,5.000000e-02,-4.970600e-04,2.059434e-02,0.000000e+00
-9.030278e-03,1.800000e-02,5.000000e-01,5.000000e-02,-5.597149e-04,2.172516e-02,0.000000e+00
-9.061346e-03,1.900000e-02,5.000000e-01,5.000000e-02,-6.223699e-04,2.285599e-02,0.000000e+00
-9.092413e-03,2.000000e-02,5.000000e-01,5.000000e-02,-6.850249e-04,2.398681e-02,0.000000e+00
-9.123481e-03,2.100000e-02,5.000000e-01,5.000000e-02,-7.476799e-04,2.511764e-02,0.000000e+00
-9.154548e-03,2.200000e-02,5.000000e-01,5.000000e-02,-8.103349e-04,2.624846e-02,0.000000e+00
-9.185616e-03,2.300000e-02,5.000000e-01,5.000000e-02,-8.729899e-04,2.737929e-02,0.000000e+00
-9.215195e-03,2.400000e-02,5.000000e-01,5.000000e-02,-9.486873e-04,2.847830e-02,0.000000e+00
-9.243616e-03,2.500000e-02,5.000000e-01,5.000000e-02,-1.034529e-03,2.955257e-02,0.000000e+00
-9.272037e-03,2.600000e-02,5.000000e-01,5.000000e-02,-1.120370e-03,3.062683e-02,0.000000e+00
-9.300458e-03,2.700000e-02,5.000000e-01,5.000000e-02,-1.206212e-03,3.170110e-02,0.000000e+00
-9.328879e-03,2.800000e-02,5.000000e-01,5.000000e-02,-1.292053e-03,3.277536e-02,0.000000e+00
-9.357301e-03,2.900000e-02,5.000000e-01,5.000000e-02,-1.377894e-03,3.384963e-02,0.000000e+00
-9.385722e-03,3.000000e-02,5.000000e-01,5.000000e-02,-1.463736e-03,3.492389e-02,0.000000e+00
-9.414143e-03,3.100000e-02,5.000000e-01,5.000000e-02,-1.549577e-03,3.599816e-02,0.000000e+00
-9.441330e-03,3.200000e-02,5.000000e-01,5.000000e-02,-1.651597e-03,3.703113e-02,0.000000e+00
-9.468107e-03,3.300000e-02,5.000000e-01,5.000000e-02,-1.759010e-03,3.805032e-02,0.000000e+00
-9.494883e-03,3.400000e-02,5.000000e-01,5.000000e-02,-1.866423e-03,3.906952e-02,0.000000e+00
-9.521659e-03,3.500000e-02,5.000000e-01,5.000000e-02,-1.973836e-03,4.008871e-02,0.000000e+00
-9.548435e-03,3.600000e-02,5.000000e-01,5.000000e-02,-2.081248e-03,4.110791e-02,0.000000e+00
-9.575211e-03,3.700000e-02,5.000000e-01,5.000000e-02,-2.188661e-03,4.212711e-02,0.000000e+00
-9.601987e-03,3.800000e-02,5.000000e-01,5.000000e-02,-2.296074e-03,4.314630e-02,0.000000e+00
-9.628763e-03,3.900000e-02,5.000000e-01,5.000000e-02,-2.403487e-03,4.416550e-02,0.000000e+00
-9.654321e-03,4.000000e-02,5.000000e-01,5.000000e-02,-2.530021e-03,4.513450e-02,0.000000e+00
-9.679797e-03,4.100000e-02,5.000000e-01,5.000000e-02,-2.657830e-03,4.610015e-02,0.000000e+00
-9.705273e-03,4.200000e-02,5.000000e-01,5.000000e-02,-2.785640e-03,4.706579e-02,0.000000e+00
-9.730750e-03,4.300000e-02,5.000000e-01,5.000000e-02,-2.913449e-03,4.803144e-02,0.000000e+00
-9.756226e-03,4.400000e-02,5.000000e-01,5.000000e-02,-3.041258e-03,4.899709e-02,0.000000e+00
-9.781702e-03,4.500000e-02,5.000000e-01,5.000000e-02,-3.169068e-03,4.996274e-02,0.000000e+00
-9.807178e-03,4.600000e-02,5.000000e-01,5.000000e-02,-3.296877e-03,5.092838e-02,0.000000e+00
-9.832505e-03,4.700000e-02,5.000000e-01,5.000000e-02,-3.427099e-03,5.188753e-02,0.000000e+00
-9.856787e-03,4.800000e-02,5.000000e-01,5.000000e-02,-3.574217e-03,5.280118e-02,0.000000e+00
-9.881068e-03,4.900000e-02,5.000000e-01,5.000000e-02,-3.721335e-03,5.371483e-02,0.000000e+00
-9.905350e-03,5.000000e-02,5.000000e-01,5.000000e-02,-3.868453e-03,5.462848e-02,0.000000e+00
-9.929632e-03,5.100000e-02,5.000000e-01,5.000000e-02,-4.015571e-03,5.554212e-02,0.000000e+00
-9.953913e-03,5.200000e-02,5.000000e-01,5.000000e-02,-4.162689e-03,5.645577e-02,0.000000e+00
-9.978195e-03,5.300000e-02,5.000000e-01,5.000000e-02,-4.309806e-03,5.736942e-02,0.000000e+00
-1.000248e-02,5.400000e-02,5.000000e-01,5.000000e-02,-4.456924e-03,5.828307e-02,0.000000e+00
-1.002643e-02,5.500000e-02,5.000000e-01,5.000000e-02,-4.609745e-03,5.918095e-02,0.000000e+00
-1.004964e-02,5.600000e-02,5.000000e-01,5.000000e-02,-4.775112e-03,6.004417e-02,0.000000e+00
-1.007286e-02,5.700000e-02,5.000000e-01,5.000000e-02,-4.940480e-03,6.090737e-02,0.000000e+00
-1.009608e-02,5.800000e-02,5.000000e-01,5.000000e-02,-5.105847e-03,6.177058e-02,0.000000e+00
-1.011929e-02,5.900000e-02,5.000000e-01,5.000000e-02,-5.271215e-03,6.263379e-02,0.000000e+00
-1.014251e-02,6.000000e-02,5.000000e-01,5.000000e-02,-5.436583e-03,6.349700e-02,0.000000e+00
-1.016572e-02,6.100000e-02,5.000000e-01,5.000000e-02,-5.601951e-03,6.436021e-02,0.000000e+00
-1.018894e-02,6.200000e-02,5.000000e-01,5.000000e-02,-5.767318e-03,6.522342e-02,0.000000e+00
-1.021170e-02,6.300000e-02,5.000000e-01,5.000000e-02,-5.941305e-03,6.606220e-02,0.000000e+00
-1.023400e-02,6.400000e-02,5.000000e-01,5.000000e-02,-6.123909e-03,6.687655e-02,0.000000e+00
-1.025630e-02,6.500000e-02,5.000000e-01,5.000000e-02,-6.306513e-03,6.769089e-02,0.000000e+00
-1.027860e-02,6.600000e-02,5.000000e-01,5.000000e-02,-6.489117e-03,6.850524e-02,0.000000e+00
-1.030090e-02,6.700000e-02,5.000000e-01,5.000000e-02,-6.671722e-03,6.931958e-02,0.000000e+00
-1.032320e-02,6.800000e-02,5.000000e-01,5.000000e-02,-6.854326e-03,7.013392e-02,0.000000e+00
-1.034551e-02,6.900000e-02,5.000000e-01,5.000000e-02,-7.036929e-03,7.094827e-02,0.000000e+00
-1.036781e-02,7.000000e-02,5.000000e-01,5.000000e-02,-7.219534e-03,7.176261e-02,0.000000e+00
-1.038958e-02,7.100000e-02,5.000000e-01,5.000000e-02,-7.413324e-03,7.254445e-02,0.000000e+00
-1.041111e-02,7.200000e-02,5.000000e-01,5.000000e-02,-7.612197e-03,7.331149e-02,0.000000e+00
-1.043264e-02,7.300000e-02,5.000000e-01,5.000000e-02,-7.811072e-03,7.407854e-02,0.000000e+00
-1.045418e-02,7.400000e-02,5.000000e-01,5.000000e-02,-8.009946e-03,7.484559e-02,0.000000e+00
-1.047571e-02,7.500000e-02,5.000000e-01,5.000000e-02,-8.208821e-03,7.561264e-02,0.000000e+00
-1.049724e-02,7.600000e-02,5.000000e-01,5.000000e-02,-8.407694e-03,7.637969e-02,0.000000e+00
-1.051878e-02,7.700000e-02,5.000000e-01,5.000000e-02,-8.606569e-03,7.714674e-02,0.000000e+00
-1.054031e-02,7.800000e-02,5.000000e-01,5.000000e-02,-8.805444e-03,7.791379e-02,0.000000e+00
-1.056130e-02,7.900000e-02,5.000000e-01,5.000000e-02,-9.017747e-03,7.864082e-02,0.000000e+00
-1.058222e-02,8.000000e-02,5.000000e-01,5.000000e-02,-9.231967e-03,7.936212e-02,0.000000e+00
-1.060313e-02,8.100000e-02,5.000000e-01,5.000000e-02,-9.446188e-03,8.008344e-02,0.000000e+00
-1.062405e-02,8.200000e-02,5.000000e-01,5.000000e-02,-9.660410e-03,8.080474e-02,0.000000e+00
-1.064496e-02,8.300000e-02,5.000000e-01,5.000000e-02,-9.874630e-03,8.152605e-02,0.000000e+00
-1.066588e-02,8.400000e-02,5.000000e-01,5.000000e-02,-1.008885e-02,8.224736e-02,0.000000e+00
-1.068679e-02,8.500000e-02,5.000000e-01,5.000000e-02,-1.030307e-02,8.296867e-02,0.000000e+00
-1.070768e-02,8.600000e-02,5.000000e-01,5.000000e-02,-1.051820e-02,8.368722e-02,0.000000e+00
-1.072812e-02,8.700000e-02,5.000000e-01,5.000000e-02,-1.074689e-02,8.436432e-02,0.000000e+00
-1.074857e-02,8.800000e-02,5.000000e-01,5.000000e-02,-1.097559e-02,8.504143e-02,0.000000e+00
-1.076901e-02,8.900000e-02,5.000000e-01,5.000000e-02,-1.120428e-02,8.571854e-02,0.000000e+00
-1.078946e-02,9.000000e-02,5.000000e-01,5.000000e-02,-1.143297e-02,8.639565e-02,0.000000e+00
-1.080990e-02,9.100000e-02,5.000000e-01,5.000000e-02,-1.166167e-02,8.707275e-02,0.000000e+00
-1.083035e-02,9.200000e-02,5.000000e-01,5.000000e-02,-1.189036e-02,8.774986e-02,0.000000e+00
-1.085079e-02,9.300000e-02,5.000000e-01,5.000000e-02,-1.211905e-02,8.842697e-02,0.000000e+00
-1.087115e-02,9.400000e-02,5.000000e-01,5.000000e-02,-1.235116e-02,8.909340e-02,0.000000e+00
-1.089126e-02,9.500000e-02,5.000000e-01,5.000000e-02,-1.259348e-02,8.972782e-02,0.000000e+00
-1.091137e-02,9.600000e-02,5.000000e-01,5.000000e-02,-1.283581e-02,9.036224e-02,0.000000e+00
-1.093148e-02,9.700000e-02,5.000000e-01,5.000000e-02,-1.307814e-02,9.099665e-02,0.000000e+00
-1.095159e-02,9.800000e-02,5.000000e-01,5.000000e-02,-1.332046e-02,9.163107e-02,0.000000e+00
-1.097170e-02,9.900000e-02,5.000000e-01,5.000000e-02,-1.356279e-02,9.226549e-02,0.000000e+00
-1.099181e-02,1.000000e-01,5.000000e-01,5.000000e-02,-1.380512e-02,9.289990e-02,0.000000e+00
-1.101191e-02,1.010000e-01,5.000000e-01,5.000000e-02,-1.404744e-02,9.353432e-02,0.000000e+00
-1.103193e-02,1.020000e-01,5.000000e-01,5.000000e-02,-1.429538e-02,9.415070e-02,0.000000e+00
-1.105184e-02,1.030000e-01,5.000000e-01,5.000000e-02,-1.455054e-02,9.474391e-02,0.000000e+00
-1.107175e-02,1.040000e-01,5.000000e-01,5.000000e-02,-1.480570e-02,9.533713e-02,0.000000e+00
-1.109166e-02,1.050000e-01,5.000000e-01,5.000000e-02,-1.506086e-02,9.593034e-02,0.000000e+00
-1.111156e-02,1.060000e-01,5.000000e-01,5.000000e-02,-1.531601e-02,9.652355e-02,0.000000e+00
-1.113147e-02,1.070000e-01,5.000000e-01,5.000000e-02,-1.557117e-02,9.711677e-02,0.000000e+00
-1.115138e-02,1.080000e-01,5.000000e-01,5.000000e-02,-1.582633e-02,9.770998e-02,0.000000e+00
-1.117129e-02,1.090000e-01,5.000000e-01,5.000000e-02,-1.608149e-02,9.830319e-02,0.000000e+00
-1.119115e-02,1.100000e-01,5.000000e-01,5.000000e-02,-1.634419e-02,9.887157e-02,0.000000e+00
-1.121098e-02,1.110000e-01,5.000000e-01,5.000000e-02,-1.661142e-02,9.942505e-02,0.000000e+00
-1.123081e-02,1.120000e-01,5.000000e-01,5.000000e-02,-1.687865e-02,9.997853e-02,0.000000e+00
-1.125065e-02,1.130000e-01,5.000000e-01,5.000000e-02,-1.714588e-02,1.005320e-01,0.000000e+00
-1.127048e-02,1.140000e-01,5.000000e-01,5.000000e-02,-1.741311e-02,1.010855e-01,0.000000e+00
-1.129031e-02,1.150000e-01,5.000000e-01,5.000000e-02,-1.768034e-02,1.016390e-01,0.000000e+00
-1.131015e-02,1.160000e-01,5.000000e-01,5.000000e-02,-1.794756e-02,1.021924e-01,0.000000e+00
-1.132998e-02,1.170000e-01,5.000000e-01,5.000000e-02,-1.821479e-02,1.027459e-01,0.000000e+00
-1.134986e-02,1.180000e-01,5.000000e-01,5.000000e-02,-1.849124e-02,1.032682e-01,0.000000e+00
-1.136974e-02,1.190000e-01,5.000000e-01,5.000000e-02,-1.876982e-02,1.037833e-01,0.000000e+00
-1.138963e-02,1.200000e-01,5.000000e-01,5.000000e-02,-1.904839e-02,1.042984e-01,0.000000e+00
-1.140951e-02,1.210000e-01,5.000000e-01,5.000000e-02,-1.932697e-02,1.048135e-01,0.000000e+00
-1.142940e-02,1.220000e-01,5.000000e-01,5.000000e-02,-1.960555e-02,1.053287e-01,0.000000e+00
-1.144928e-02,1.230000e-01,5.000000e-01,5.000000e-02,-1.988412e-02,1.058438e-01,0.000000e+00
-1.146917e-02,1.240000e-01,5.000000e-01,5.000000e-02,-2.016270e-02,1.063589e-01,0.000000e+00
-1.148905e-02,1.250000e-01,5.000000e-01,5.000000e-02,-2.044128e-02,1.068740e-01,0.000000e+00
-1.150910e-02,1.260000e-01,5.000000e-01,5.000000e-02,-2.073051e-02,1.073521e-01,0.000000e+00
-1.152915e-02,1.270000e-01,5.000000e-01,5.000000e-02,-2.101975e-02,1.078302e-01,0.000000e+00
-1.154920e-02,1.280000e-01,5.000000e-01,5.000000e-02,-2.130899e-02,1.083082e-01,0.000000e+00
-1.156926e-02,1.290000e-01,5.000000e-01,5.000000e-02,-2.159823e-02,1.087863e-01,0.000000e+00
-1.158931e-02,1.300000e-01,5.000000e-01,5.000000e-02,-2.188747e-02,1.092644e-01,0.000000e+00
-1.160936e-02,1.310000e-01,5.000000e-01,5.000000e-02,-2.217671e-02,1.097425e-01,0.000000e+00
-1.162941e-02,1.320000e-01,5.000000e-01,5.000000e-02,-2.246594e-02,1.102206e-01,0.000000e+00
-1.164951e-02,1.330000e-01,5.000000e-01,5.000000e-02,-2.275706e-02,1.106919e-01,0.000000e+00
-1.166984e-02,1.340000e-01,5.000000e-01,5.000000e-02,-2.305630e-02,1.111343e-01,0.000000e+00
-1.169016e-02,1.350000e-01,5.000000e-01,5.000000e-02,-2.335554e-02,1.115768e-01,0.000000e+00
-1.171049e-02,1.360000e-01,5.000000e-01,5.000000e-02,-2.365479e-02,1.120192e-01,0.000000e+00
-1.173082e-02,1.370000e-01,5.000000e-01,5.000000e-02,-2.395402e-02,1.124615e-01,0.000000e+00
-1.175114e-02,1.380000e-01,5.000000e-01,5.000000e-02,-2.425326e-02,1.129039e-01,0.000000e+00
-1.177147e-02,1.390000e-01,5.000000e-01,5.000000e-02,-2.455251e-02,1.133463e-01,0.000000e+00
-1.179180e-02,1.400000e-01,5.000000e-01,5.000000e-02,-2.485175e-02,1.137887e-01,0.000000e+00
-1.181226e-02,1.410000e-01,5.000000e-01,5.000000e-02,-2.515451e-02,1.142182e-01,0.000000e+00
-1.183296e-02,1.420000e-01,5.000000e-01,5.000000e-02,-2.546314e-02,1.146263e-01,0.000000e+00
-1.185366e-02,1.430000e-01,5.000000e-01,5.000000e-02,-2.577177e-02,1.150343e-01,0.000000e+00
-1.187435e-02,1.440000e-01,5.000000e-01,5.000000e-02,-2.608039e-02,1.154422e-01,0.000000e+00
-1.189505e-02,1.450000e-01,5.000000e-01,5.000000e-02,-2.638902e-02,1.158502e-01,0.000000e+00
-1.191575e-02,1.460000e-01,5.000000e-01,5.000000e-02,-2.669764e-02,1.162582e-01,0.000000e+00
-1.193645e-02,1.470000e-01,5.000000e-01,5.000000e-02,-2.700627e-02,1.166662e-01,0.000000e+00
-1.195715e-02,1.480000e-01,5.000000e-01,5.000000e-02,-2.731490e-02,1.170743e-01,0.000000e+00
-1.197810e-02,1.490000e-01,5.000000e-01,5.000000e-02,-2.762848e-02,1.174636e-01,0.000000e+00
-1.199926e-02,1.500000e-01,5.000000e-01,5.000000e-02,-2.794590e-02,1.178383e-01,0.000000e+00
-1.202042e-02,1.510000e-01,5.000000e-01,5.000000e-02,-2.826331e-02,1.182131e-01,0.000000e+00
-1.204158e-02,1.520000e-01,5.000000e-01,5.000000e-02,-2.858073e-02,1.185878e-01,0.000000e+00
-1.206274e-02,1.530000e-01,5.000000e-01,5.000000e-02,-2.889816e-02,1.189626e-01,0.000000e+00
-1.208389e-02,1.540000e-01,5.000000e-01,5.000000e-02,-2.921558e-02,1.193373e-01,0.000000e+00
-1.210505e-02,1.550000e-01,5.000000e-01,5.000000e-02,-2.953300e-02,1.197121e-01,0.000000e+00
-1.212621e-02,1.560000e-01,5.000000e-01,5.000000e-02,-2.985042e-02,1.200868e-01,0.000000e+00
-1.214777e-02,1.570000e-01,5.000000e-01,5.000000e-02,-3.017402e-02,1.204375e-01,0.000000e+00
-1.216947e-02,1.580000e-01,5.000000e-01,5.000000e-02,-3.049967e-02,1.207800e-01,0.000000e+00
-1.219117e-02,1.590000e-01,5.000000e-01,5.000000e-02,-3.082532e-02,1.211226e-01,0.000000e+00
-1.221287e-02,1.600000e-01,5.000000e-01,5.000000e-02,-3.115097e-02,1.214652e-01,0.000000e+00
-1.223457e-02,1.610000e-01,5.000000e-01,5.000000e-02,-3.147662e-02,1.218078e-01,0.000000e+00
-1.225627e-02,1.620000e-01,5.000000e-01,5.000000e-02,-3.180227e-02,1.221504e-01,0.000000e+00
-1.227797e-02,1.630000e-01,5.000000e-01,5.000000e-02,-3.212792e-02,1.224930e-01,0.000000e+00
-1.229967e-02,1.640000e-01,5.000000e-01,5.000000e-02,-3.245357e-02,1.228356e-01,0.000000e+00
-1.232194e-02,1.650000e-01,5.000000e-01,5.000000e-02,-3.278645e-02,1.231491e-01,0.000000e+00
-1.234426e-02,1.660000e-01,5.000000e-01,5.000000e-02,-3.311981e-02,1.234606e-01,0.000000e+00
-1.236657e-02,1.670000e-01,5.000000e-01,5.000000e-02,-3.345317e-02,1.237722e-01,0.000000e+00
-1.238889e-02,1.680000e-01,5.000000e-01,5.000000e-02,-3.378653e-02,1.240837e-01,0.000000e+00
-1.241120e-02,1.690000e-01,5.000000e-01,5.000000e-02,-3.411989e-02,1.243953e-01,0.000000e+00
-1.243351e-02,1.700000e-01,5.000000e-01,5.000000e-02,-3.445325e-02,1.247068e-01,0.000000e+00
-1.245583e-02,1.710000e-01,5.000000e-01,5.000000e-02,-3.478661e-02,1.250184e-01,0.000000e+00
-1.247822e-02,1.720000e-01,5.000000e-01,5.000000e-02,-3.512087e-02,1.253262e-01,0.000000e+00
-1.250122e-02,1.730000e-01,5.000000e-01,5.000000e-02,-3.546143e-02,1.256078e-01,0.000000e+00
-1.252422e-02,1.740000e-01,5.000000e-01,5.000000e-02,-3.580199e-02,1.258893e-01,0.000000e+00
-1.254722e-02,1.750000e-01,5.000000e-01,5.000000e-02,-3.614255e-02,1.261709e-01,0.000000e+00
-1.257022e-02,1.760000e-01,5.000000e-01,5.000000e-02,-3.648311e-02,1.264525e-01,0.000000e+00
-1.259322e-02,1.770000e-01,5.000000e-01,5.000000e-02,-3.682367e-02,1.267340e-01,0.000000e+00
-1.261622e-02,1.780000e-01,5.000000e-01,5.000000e-02,-3.716423e-02,1.270156e-01,0.000000e+00
-1.263921e-02,1.790000e-01,5.000000e-01,5.000000e-02,-3.750479e-02,1.272972e-01,0.000000e+00
-1.266244e-02,1.800000e-01,5.000000e-01,5.000000e-02,-3.784745e-02,1.275696e-01,0.000000e+00
-1.268618e-02,1.810000e-01,5.000000e-01,5.000000e-02,-3.819473e-02,1.278221e-01,0.000000e+00
-1.270991e-02,1.820000e-01,5.000000e-01,5.000000e-02,-3.854200e-02,1.280745e-01,0.000000e+00
-1.273365e-02,1.830000e-01,5.000000e-01,5.000000e-02,-3.888928e-02,1.283269e-01,0.000000e+00
-1.275738e-02,1.840000e-01,5.000000e-01,5.000000e-02,-3.923656e-02,1.285793e-01,0.000000e+00
-1.278111e-02,1.850000e-01,5.000000e-01,5.000000e-02,-3.958384e-02,1.288317e-01,0.000000e+00
-1.280485e-02,1.860000e-01,5.000000e-01,5.000000e-02,-3.993111e-02,1.290841e-01,0.000000e+00
-1.282858e-02,1.870000e-01,5.000000e-01,5.000000e-02,-4.027839e-02,1.293365e-01,0.000000e+00
-1.285271e-02,1.880000e-01,5.000000e-01,5.000000e-02,-4.062880e-02,1.295748e-01,0.000000e+00
-1.287724e-02,1.890000e-01,5.000000e-01,5.000000e-02,-4.098235e-02,1.297990e-01,0.000000e+00
-1.290176e-02,1.900000e-01,5.000000e-01,5.000000e-02,-4.133590e-02,1.300232e-01,0.000000e+00
-1.292629e-02,1.910000e-01,5.000000e-01,5.000000e-02,-4.168946e-02,1.302473e-01,0.000000e+00
-1.295081e-02,1.920000e-01,5.000000e-01,5.000000e-02,-4.204301e-02,1.304715e-01,0.000000e+00
-1.297534e-02,1.930000e-01,5.000000e-01,5.000000e-02,-4.239656e-02,1.306956e-01,0.000000e+00
-1.299986e-02,1.940000e-01,5.000000e-01,5.000000e-02,-4.275012e-02,1.309198e-01,0.000000e+00
-1.302439e-02,1.950000e-01,5.000000e-01,5.000000e-02,-4.310366e-02,1.311439e-01,0.000000e+00
-1.304948e-02,1.960000e-01,5.000000e-01,5.000000e-02,-4.346123e-02,1.313493e-01,0.000000e+00
-1.307483e-02,1.970000e-01,5.000000e-01,5.000000e-02,-4.382063e-02,1.315460e-01,0.000000e+00
-1.310019e-02,1.980000e-01,5.000000e-01,5.000000e-02,-4.418003e-02,1.317427e-01,0.000000e+00
-1.312554e-02,1.990000e-01,5.000000e-01,5.000000e-02,-4.453943e-02,1.319395e-01,0.000000e+00
-1.315090e-02,2.000000e-01,5.000000e-01,5.000000e-02,-4.489883e-02,1.321362e-01,0.000000e+00
-1.317625e-02,2.010000e-01,5.000000e-01,5.000000e-02,-4.525823e-02,1.323329e-01,0.000000e+00
-1.320160e-02,2.020000e-01,5.000000e-01,5.000000e-02,-4.561763e-02,1.325297e-01,0.000000e+00
-1.322696e-02,2.030000e-01,5.000000e-01,5.000000e-02,-4.597702e-02,1.327264e-01,0.000000e+00
-1.325306e-02,2.040000e-01,5.000000e-01,5.000000e-02,-4.634118e-02,1.328997e-01,0.000000e+00
-1.327927e-02,2.050000e-01,5.000000e-01,5.000000e-02,-4.670601e-02,1.330697e-01,0.000000e+00
-1.330548e-02,2.060000e-01,5.000000e-01,5.000000e-02,-4.707084e-02,1.332397e-01,0.000000e+00
-1.333169e-02,2.070000e-01,5.000000e-01,5.000000e-02,-4.743567e-02,1.334097e-01,0.000000e+00
-1.335790e-02,2.080000e-01,5.000000e-01,5.000000e-02,-4.780051e-02,1.335797e-01,0.000000e+00
-1.338412e-02,2.090000e-01,5.000000e-01,5.000000e-02,-4.816534e-02,1.337497e-01,0.000000e+00
-1.341033e-02,2.100000e-01,5.000000e-01,5.000000e-02,-4.853017e-02,1.339196e-01,0.000000e+00
-1.343659e-02,2.110000e-01,5.000000e-01,5.000000e-02,-4.889532e-02,1.340880e-01,0.000000e+00
-1.346368e-02,2.120000e-01,5.000000e-01,5.000000e-02,-4.926520e-02,1.342319e-01,0.000000e+00
-1.349078e-02,2.130000e-01,5.000000e-01,5.000000e-02,-4.963508e-02,1.343759e-01,0.000000e+00
-1.351787e-02,2.140000e-01,5.000000e-01,5.000000e-02,-5.000496e-02,1.345198e-01,0.000000e+00
-1.354496e-02,2.150000e-01,5.000000e-01,5.000000e-02,-5.037485e-02,1.346637e-01,0.000000e+00
-1.357205e-02,2.160000e-01,5.000000e-01,5.000000e-02,-5.074473e-02,1.348077e-01,0.000000e+00
-1.359914e-02,2.170000e-01,5.000000e-01,5.000000e-02,-5.111460e-02,1.349516e-01,0.000000e+00
-1.362623e-02,2.180000e-01,5.000000e-01,5.000000e-02,-5.148449e-02,1.350956e-01,0.000000e+00
-1.365355e-02,2.190000e-01,5.000000e-01,5.000000e-02,-5.185554e-02,1.352331e-01,0.000000e+00
-1.368153e-02,2.200000e-01,5.000000e-01,5.000000e-02,-5.223010e-02,1.353517e-01,0.000000e+00
-1.370952e-02,2.210000e-01,5.000000e-01,5.000000e-02,-5.260466e-02,1.354702e-01,0.000000e+00
-1.373751e-02,2.220000e-01,5.000000e-01,5.000000e-02,-5.297922e-02,1.355887e-01,0.000000e+00
-1.376550e-02,2.230000e-01,5.000000e-01,5.000000e-02,-5.335378e-02,1.357072e-01,0.000000e+00
-1.379348e-02,2.240000e-01,5.000000e-01,5.000000e-02,-5.372834e-02,1.358258e-01,0.000000e+00
-1.382147e-02,2.250000e-01,5.000000e-01,5.000000e-02,-5.410290e-02,1.359443e-01,0.000000e+00
-1.384946e-02,2.260000e-01,5.000000e-01,5.000000e-02,-5.447746e-02,1.360628e-01,0.000000e+00
-1.387784e-02,2.270000e-01,5.000000e-01,5.000000e-02,-5.485391e-02,1.361704e-01,0.000000e+00
-1.390673e-02,2.280000e-01,5.000000e-01,5.000000e-02,-5.523281e-02,1.362640e-01,0.000000e+00
-1.393563e-02,2.290000e-01,5.000000e-01,5.000000e-02,-5.561170e-02,1.363575e-01,0.000000e+00
-1.396452e-02,2.300000e-01,5.000000e-01,5.000000e-02,-5.599060e-02,1.364510e-01,0.000000e+00
-1.399341e-02,2.310000e-01,5.000000e-01,5.000000e-02,-5.636949e-02,1.365446e-01,0.000000e+00
-1.402230e-02,2.320000e-01,5.000000e-01,5.000000e-02,-5.674838e-02,1.366381e-01,0.000000e+00
-1.405120e-02,2.330000e-01,5.000000e-01,5.000000e-02,-5.712727e-02,1.367316e-01,0.000000e+00
-1.408009e-02,2.340000e-01,5.000000e-01,5.000000e-02,-5.750616e-02,1.368252e-01,0.000000e+00
-1.410955e-02,2.350000e-01,5.000000e-01,5.000000e-02,-5.788756e-02,1.369034e-01,0.000000e+00
-1.413934e-02,2.360000e-01,5.000000e-01,5.000000e-02,-5.827045e-02,1.369724e-01,0.000000e+00
-1.416914e-02,2.370000e-01,5.000000e-01,5.000000e-02,-5.865334e-02,1.370414e-01,0.000000e+00
-1.419893e-02,2.380000e-01,5.000000e-01,5.000000e-02,-5.903624e-02,1.371104e-01,0.000000e+00
-1.422873e-02,2.390000e-01,5.000000e-01,5.000000e-02,-5.941913e-02,1.371793e-01,0.000000e+00
-1.425852e-02,2.400000e-01,5.000000e-01,5.000000e-02,-5.980202e-02,1.372483e-01,0.000000e+00
-1.428832e-02,2.410000e-01,5.000000e-01,5.000000e-02,-6.018491e-02,1.373173e-01,0.000000e+00
-1.431811e-02,2.420000e-01,5.000000e-01,5.000000e-02,-6.056780e-02,1.373863e-01,0.000000e+00
-1.434863e-02,2.430000e-01,5.000000e-01,5.000000e-02,-6.095368e-02,1.374358e-01,0.000000e+00
-1.437932e-02,2.440000e-01,5.000000e-01,5.000000e-02,-6.134025e-02,1.374808e-01,0.000000e+00
-1.441001e-02,2.450000e-01,5.000000e-01,5.000000e-02,-6.172681e-02,1.375257e-01,0.000000e+00
-1.444070e-02,2.460000e-01,5.000000e-01,5.000000e-02,-6.211337e-02,1.375707e-01,0.000000e+00
-1.447139e-02,2.470000e-01,5.000000e-01,5.000000e-02,-6.249993e-02,1.376156e-01,0.000000e+00
-1.450207e-02,2.480000e-01,5.000000e-01,5.000000e-02,-6.288649e-02,1.376606e-01,0.000000e+00
-1.453276e-02,2.490000e-01,5.000000e-01,5.000000e-02,-6.327306e-02,1.377055e-01,0.000000e+00
-1.456345e-02,2.500000e-01,5.000000e-01,5.000000e-02,-6.365962e-02,1.377505e-01,0.000000e+00
-1.459501e-02,2.510000e-01,5.000000e-01,5.000000e-02,-6.404954e-02,1.377717e-01,0.000000e+00
-1.462657e-02,2.520000e-01,5.000000e-01,5.000000e-02,-6.443948e-02,1.377929e-01,0.000000e+00
-1.465813e-02,2.530000e-01,5.000000e-01,5.000000e-02,-6.482940e-02,1.378141e-01,0.000000e+00
-1.468970e-02,2.540000e-01,5.000000e-01,5.000000e-02,-6.521934e-02,1.378352e-01,0.000000e+00
-1.472126e-02,2.550000e-01,5.000000e-01,5.000000e-02,-6.560925e-02,1.378564e-01,0.000000e+00
-1.475282e-02,2.560000e-01,5.000000e-01,5.000000e-02,-6.599919e-02,1.378776e-01,0.000000e+00
-1.478438e-02,2.570000e-01,5.000000e-01,5.000000e-02,-6.638911e-02,1.378988e-01,0.000000e+00
-1.481610e-02,2.580000e-01,5.000000e-01,5.000000e-02,-6.677961e-02,1.379156e-01,0.000000e+00
-1.484851e-02,2.590000e-01,5.000000e-01,5.000000e-02,-6.717261e-02,1.379132e-01,0.000000e+00
-1.488092e-02,2.600000e-01,5.000000e-01,5.000000e-02,-6.756560e-02,1.379108e-01,0.000000e+00
-1.491333e-02,2.610000e-01,5.000000e-01,5.000000e-02,-6.795860e-02,1.379084e-01,0.000000e+00
-1.494574e-02,2.620000e-01,5.000000e-01,5.000000e-02,-6.835159e-02,1.379061e-01,0.000000e+00
-1.497815e-02,2.630000e-01,5.000000e-01,5.000000e-02,-6.874459e-02,1.379037e-01,0.000000e+00
-1.501056e-02,2.640000e-01,5.000000e-01,5.000000e-02,-6.913758e-02,1.379013e-01,0.000000e+00
-1.504297e-02,2.650000e-01,5.000000e-01,5.000000e-02,-6.953057e-02,1.378990e-01,0.000000e+00
-1.507568e-02,2.660000e-01,5.000000e-01,5.000000e-02,-6.992462e-02,1.378879e-01,0.000000e+00
-1.510891e-02,2.670000e-01,5.000000e-01,5.000000e-02,-7.032038e-02,1.378623e-01,0.000000e+00
-1.514214e-02,2.680000e-01,5.000000e-01,5.000000e-02,-7.071616e-02,1.378366e-01,0.000000e+00
-1.517536e-02,2.690000e-01,5.000000e-01,5.000000e-02,-7.111192e-02,1.378110e-01,0.000000e+00
-1.520859e-02,2.700000e-01,5.000000e-01,5.000000e-02,-7.150770e-02,1.377854e-01,0.000000e+00
-1.524181e-02,2.710000e-01,5.000000e-01,5.000000e-02,-7.190346e-02,1.377597e-01,0.000000e+00
-1.527504e-02,2.720000e-01,5.000000e-01,5.000000e-02,-7.229924e-02,1.377341e-01,0.000000e+00
-1.530826e-02,2.730000e-01,5.000000e-01,5.000000e-02,-7.269500e-02,1.377085e-01,0.000000e+00
-1.534192e-02,2.740000e-01,5.000000e-01,5.000000e-02,-7.309217e-02,1.376698e-01,0.000000e+00
-1.537592e-02,2.750000e-01,5.000000e-01,5.000000e-02,-7.349044e-02,1.376211e-01,0.000000e+00
-1.540992e-02,2.760000e-01,5.000000e-01,5.000000e-02,-7.388870e-02,1.375724e-01,0.000000e+00
-1.544391e-02,2.770000e-01,5.000000e-01,5.000000e-02,-7.428697e-02,1.375236e-01,0.000000e+00
-1.547791e-02,2.780000e-01,5.000000e-01,5.000000e-02,-7.468522e-02,1.374749e-01,0.000000e+00
-1.551191e-02,2.790000e-01,5.000000e-01,5.000000e-02,-7.508349e-02,1.374262e-01,0.000000e+00
-1.554590e-02,2.800000e-01,5.000000e-01,5.000000e-02,-7.548175e-02,1.373774e-01,0.000000e+00
-1.557990e-02,2.810000e-01,5.000000e-01,5.000000e-02,-7.588001e-02,1.373287e-01,0.000000e+00
-1.561444e-02,2.820000e-01,5.000000e-01,5.000000e-02,-7.627993e-02,1.372626e-01,0.000000e+00
-1.564915e-02,2.830000e-01,5.000000e-01,5.000000e-02,-7.668040e-02,1.371908e-01,0.000000e+00
-1.568387e-02,2.840000e-01,5.000000e-01,5.000000e-02,-7.708088e-02,1.371189e-01,0.000000e+00
-1.571859e-02,2.850000e-01,5.000000e-01,5.000000e-02,-7.748135e-02,1.370471e-01,0.000000e+00
-1.575330e-02,2.860000e-01,5.000000e-01,5.000000e-02,-7.788183e-02,1.369753e-01,0.000000e+00
-1.578802e-02,2.870000e-01,5.000000e-01,5.000000e-02,-7.828230e-02,1.369034e-01,0.000000e+00
-1.582274e-02,2.880000e-01,5.000000e-01,5.000000e-02,-7.868277e-02,1.368316e-01,0.000000e+00
-1.585745e-02,2.890000e-01,5.000000e-01,5.000000e-02,-7.908325e-02,1.367597e-01,0.000000e+00
-1.589279e-02,2.900000e-01,5.000000e-01,5.000000e-02,-7.948553e-02,1.366663e-01,0.000000e+00
-1.592817e-02,2.910000e-01,5.000000e-01,5.000000e-02,-7.988794e-02,1.365715e-01,0.000000e+00
-1.596355e-02,2.920000e-01,5.000000e-01,5.000000e-02,-8.029034e-02,1.364766e-01,0.000000e+00
-1.599893e-02,2.930000e-01,5.000000e-01,5.000000e-02,-8.069275e-02,1.363818e-01,0.000000e+00
-1.603431e-02,2.940000e-01,5.000000e-01,5.000000e-02,-8.109515e-02,1.362869e-01,0.000000e+00
-1.606969e-02,2.950000e-01,5.000000e-01,5.000000e-02,-8.149756e-02,1.361921e-01,0.000000e+00
-1.610507e-02,2.960000e-01,5.000000e-01,5.000000e-02,-8.189996e-02,1.360973e-01,0.000000e+00
-1.614052e-02,2.970000e-01,5.000000e-01,5.000000e-02,-8.230258e-02,1.359995e-01,0.000000e+00
-1.617649e-02,2.980000e-01,5.000000e-01,5.000000e-02,-8.270666e-02,1.358818e-01,0.000000e+00
-1.621246e-02,2.990000e-01,5.000000e-01,5.000000e-02,-8.311073e-02,1.357640e-01,0.000000e+00
-1.624843e-02,3.000000e-01,5.000000e-01,5.000000e-02,-8.351482e-02,1.356463e-01,0.000000e+00
-1.628440e-02,3.010000e-01,5.000000e-01,5.000000e-02,-8.391889e-02,1.355285e-01,0.000000e+00
-1.632038e-02,3.020000e-01,5.000000e-01,5.000000e-02,-8.432296e-02,1.354107e-01,0.000000e+00
-1.635635e-02,3.030000e-01,5.000000e-01,5.000000e-02,-8.472705e-02,1.352930e-01,0.000000e+00
-1.639232e-02,3.040000e-01,5.000000e-01,5.000000e-02,-8.513112e-02,1.351752e-01,0.000000e+00
-1.642845e-02,3.050000e-01,5.000000e-01,5.000000e-02,-8.553564e-02,1.350503e-01,0.000000e+00
-1.646494e-02,3.060000e-01,5.000000e-01,5.000000e-02,-8.594110e-02,1.349095e-01,0.000000e+00
-1.650143e-02,3.070000e-01,5.000000e-01,5.000000e-02,-8.634657e-02,1.347686e-01,0.000000e+00
-1.653792e-02,3.080000e-01,5.000000e-01,5.000000e-02,-8.675204e-02,1.346278e-01,0.000000e+00
-1.657441e-02,3.090000e-01,5.000000e-01,5.000000e-02,-8.715750e-02,1.344870e-01,0.000000e+00
-1.661090e-02,3.100000e-01,5.000000e-01,5.000000e-02,-8.756298e-02,1.343462e-01,0.000000e+00
-1.664739e-02,3.110000e-01,5.000000e-01,5.000000e-02,-8.796845e-02,1.342055e-01,0.000000e+00
-1.668388e-02,3.120000e-01,5.000000e-01,5.000000e-02,-8.837392e-02,1.340646e-01,0.000000e+00
-1.672059e-02,3.130000e-01,5.000000e-01,5.000000e-02,-8.877994e-02,1.339123e-01,0.000000e+00
-1.675751e-02,3.140000e-01,5.000000e-01,5.000000e-02,-8.918653e-02,1.337483e-01,0.000000e+00
-1.679443e-02,3.150000e-01,5.000000e-01,5.000000e-02,-8.959310e-02,1.335844e-01,0.000000e+00
-1.683135e-02,3.160000e-01,5.000000e-01,5.000000e-02,-8.999968e-02,1.334205e-01,0.000000e+00
-1.686827e-02,3.170000e-01,5.000000e-01,5.000000e-02,-9.040626e-02,1.332565e-01,0.000000e+00
-1.690519e-02,3.180000e-01,5.000000e-01,5.000000e-02,-9.081283e-02,1.330926e-01,0.000000e+00
-1.694212e-02,3.190000e-01,5.000000e-01,5.000000e-02,-9.121942e-02,1.329287e-01,0.000000e+00
-1.697904e-02,3.200000e-01,5.000000e-01,5.000000e-02,-9.162599e-02,1.327647e-01,0.000000e+00
-1.701619e-02,3.210000e-01,5.000000e-01,5.000000e-02,-9.203315e-02,1.325849e-01,0.000000e+00
-1.705346e-02,3.220000e-01,5.000000e-01,5.000000e-02,-9.244055e-02,1.323978e-01,0.000000e+00
-1.709072e-02,3.230000e-01,5.000000e-01,5.000000e-02,-9.284797e-02,1.322107e-01,0.000000e+00
-1.712799e-02,3.240000e-01,5.000000e-01,5.000000e-02,-9.325538e-02,1.320236e-01,0.000000e+00
-1.716525e-02,3.250000e-01,5.000000e-01,5.000000e-02,-9.366279e-02,1.318365e-01,0.000000e+00
-1.720252e-02,3.260000e-01,5.000000e-01,5.000000e-02,-9.407020e-02,1.316493e-01,0.000000e+00
-1.723978e-02,3.270000e-01,5.000000e-01,5.000000e-02,-9.447761e-02,1.314622e-01,0.000000e+00
-1.727704e-02,3.280000e-01,5.000000e-01,5.000000e-02,-9.488503e-02,1.312751e-01,0.000000e+00
-1.731452e-02,3.290000e-01,5.000000e-01,5.000000e-02,-9.529291e-02,1.310676e-01,0.000000e+00
-1.735203e-02,3.300000e-01,5.000000e-01,5.000000e-02,-9.570087e-02,1.308572e-01,0.000000e+00
-1.738953e-02,3.310000e-01,5.000000e-01,5.000000e-02,-9.610882e-02,1.306468e-01,0.000000e+00
-1.742704e-02,3.320000e-01,5.000000e-01,5.000000e-02,-9.651676e-02,1.304363e-01,0.000000e+00
-1.746455e-02,3.330000e-01,5.000000e-01,5.000000e-02,-9.692471e-02,1.302259e-01,0.000000e+00
-1.750205e-02,3.340000e-01,5.000000e-01,5.000000e-02,-9.733266e-02,1.300155e-01,0.000000e+00
-1.753956e-02,3.350000e-01,5.000000e-01,5.000000e-02,-9.774062e-02,1.298050e-01,0.000000e+00
-1.757708e-02,3.360000e-01,5.000000e-01,5.000000e-02,-9.814858e-02,1.295931e-01,0.000000e+00
-1.761471e-02,3.370000e-01,5.000000e-01,5.000000e-02,-9.855680e-02,1.293592e-01,0.000000e+00
-1.765235e-02,3.380000e-01,5.000000e-01,5.000000e-02,-9.896500e-02,1.291252e-01,0.000000e+00
-1.768998e-02,3.390000e-01,5.000000e-01,5.000000e-02,-9.937321e-02,1.288913e-01,0.000000e+00
-1.772762e-02,3.400000e-01,5.000000e-01,5.000000e-02,-9.978142e-02,1.286573e-01,0.000000e+00
-1.776525e-02,3.410000e-01,5.000000e-01,5.000000e-02,-1.001896e-01,1.284234e-01,0.000000e+00
-1.780289e-02,3.420000e-01,5.000000e-01,5.000000e-02,-1.005978e-01,1.281894e-01,0.000000e+00
-1.784052e-02,3.430000e-01,5.000000e-01,5.000000e-02,-1.010060e-01,1.279555e-01,0.000000e+00
-1.787816e-02,3.440000e-01,5.000000e-01,5.000000e-02,-1.014142e-01,1.277156e-01,0.000000e+00
-1.791581e-02,3.450000e-01,5.000000e-01,5.000000e-02,-1.018224e-01,1.274579e-01,0.000000e+00
-1.795345e-02,3.460000e-01,5.000000e-01,5.000000e-02,-1.022306e-01,1.272002e-01,0.000000e+00
-1.799110e-02,3.470000e-01,5.000000e-01,5.000000e-02,-1.026387e-01,1.269425e-01,0.000000e+00
-1.802874e-02,3.480000e-01,5.000000e-01,5.000000e-02,-1.030469e-01,1.266848e-01,0.000000e+00
-1.806639e-02,3.490000e-01,5.000000e-01,5.000000e-02,-1.034551e-01,1.264271e-01,0.000000e+00
-1.810403e-02,3.500000e-01,5.000000e-01,5.000000e-02,-1.038632e-01,1.261694e-01,0.000000e+00
-1.814168e-02,3.510000e-01,5.000000e-01,5.000000e-02,-1.042714e-01,1.259117e-01,0.000000e+00
-1.817927e-02,3.520000e-01,5.000000e-01,5.000000e-02,-1.046794e-01,1.256436e-01,0.000000e+00
-1.821680e-02,3.530000e-01,5.000000e-01,5.000000e-02,-1.050872e-01,1.253620e-01,0.000000e+00
-1.825434e-02,3.540000e-01,5.000000e-01,5.000000e-02,-1.054950e-01,1.250803e-01,0.000000e+00
-1.829187e-02,3.550000e-01,5.000000e-01,5.000000e-02,-1.059028e-01,1.247988e-01,0.000000e+00
-1.832940e-02,3.560000e-01,5.000000e-01,5.000000e-02,-1.063107e-01,1.245172e-01,0.000000e+00
-1.836693e-02,3.570000e-01,5.000000e-01,5.000000e-02,-1.067185e-01,1.242355e-01,0.000000e+00
-1.840447e-02,3.580000e-01,5.000000e-01,5.000000e-02,-1.071263e-01,1.239539e-01,0.000000e+00
-1.844200e-02,3.590000e-01,5.000000e-01,5.000000e-02,-1.075341e-01,1.236724e-01,0.000000e+00
-1.847938e-02,3.600000e-01,5.000000e-01,5.000000e-02,-1.079414e-01,1.233757e-01,0.000000e+00
-1.851666e-02,3.610000e-01,5.000000e-01,5.000000e-02,-1.083485e-01,1.230700e-01,0.000000e+00
-1.855393e-02,3.620000e-01,5.000000e-01,5.000000e-02,-1.087556e-01,1.227643e-01,0.000000e+00
-1.859122e-02,3.630000e-01,5.000000e-01,5.000000e-02,-1.091628e-01,1.224586e-01,0.000000e+00
-1.862849e-02,3.640000e-01,5.000000e-01,5.000000e-02,-1.095699e-01,1.221529e-01,0.000000e+00
-1.866578e-02,3.650000e-01,5.000000e-01,5.000000e-02,-1.099770e-01,1.218472e-01,0.000000e+00
-1.870305e-02,3.660000e-01,5.000000e-01,5.000000e-02,-1.103841e-01,1.215415e-01,0.000000e+00
-1.874034e-02,3.670000e-01,5.000000e-01,5.000000e-02,-1.107912e-01,1.212358e-01,0.000000e+00
-1.877729e-02,3.680000e-01,5.000000e-01,5.000000e-02,-1.111974e-01,1.209103e-01,0.000000e+00
-1.881417e-02,3.690000e-01,5.000000e-01,5.000000e-02,-1.116035e-01,1.205802e-01,0.000000e+00
-1.885106e-02,3.700000e-01,5.000000e-01,5.000000e-02,-1.120095e-01,1.202502e-01,0.000000e+00
-1.888794e-02,3.710000e-01,5.000000e-01,5.000000e-02,-1.124156e-01,1.199201e-01,0.000000e+00
-1.892482e-02,3.720000e-01,5.000000e-01,5.000000e-02,-1.128216e-01,1.195900e-01,0.000000e+00
-1.896171e-02,3.730000e-01,5.000000e-01,5.000000e-02,-1.132277e-01,1.192599e-01,0.000000e+00
-1.899859e-02,3.740000e-01,5.000000e-01,5.000000e-02,-1.136337e-01,1.189298e-01,0.000000e+00
-1.903547e-02,3.750000e-01,5.000000e-01,5.000000e-02,-1.140397e-01,1.185998e-01,0.000000e+00
-1.907182e-02,3.760000e-01,5.000000e-01,5.000000e-02,-1.144444e-01,1.182450e-01,0.000000e+00
-1.910816e-02,3.770000e-01,5.000000e-01,5.000000e-02,-1.148491e-01,1.178903e-01,0.000000e+00
-1.914450e-02,3.780000e-01,5.000000e-01,5.000000e-02,-1.152538e-01,1.175356e-01,0.000000e+00
-1.918084e-02,3.790000e-01,5.000000e-01,5.000000e-02,-1.156584e-01,1.171809e-01,0.000000e+00
-1.921719e-02,3.800000e-01,5.000000e-01,5.000000e-02,-1.160631e-01,1.168262e-01,0.000000e+00
-1.925353e-02,3.810000e-01,5.000000e-01,5.000000e-02,-1.164678e-01,1.164714e-01,0.000000e+00
-1.928987e-02,3.820000e-01,5.000000e-01,5.000000e-02,-1.168725e-01,1.161167e-01,0.000000e+00
-1.932608e-02,3.830000e-01,5.000000e-01,5.000000e-02,-1.172768e-01,1.157573e-01,0.000000e+00
-1.936172e-02,3.840000e-01,5.000000e-01,5.000000e-02,-1.176797e-01,1.153778e-01,0.000000e+00
-1.939735e-02,3.850000e-01,5.000000e-01,5.000000e-02,-1.180826e-01,1.149982e-01,0.000000e+00
-1.943299e-02,3.860000e-01,5.000000e-01,5.000000e-02,-1.184855e-01,1.146187e-01,0.000000e+00
-1.946862e-02,3.870000e-01,5.000000e-01,5.000000e-02,-1.188884e-01,1.142391e-01,0.000000e+00
-1.950426e-02,3.880000e-01,5.000000e-01,5.000000e-02,-1.192914e-01,1.138596e-01,0.000000e+00
-1.953989e-02,3.890000e-01,5.000000e-01,5.000000e-02,-1.196943e-01,1.134800e-01,0.000000e+00
-1.957553e-02,3.900000e-01,5.000000e-01,5.000000e-02,-1.200972e-01,1.131005e-01,0.000000e+00
-1.961084e-02,3.910000e-01,5.000000e-01,5.000000e-02,-1.204993e-01,1.127115e-01,0.000000e+00
-1.964560e-02,3.920000e-01,5.000000e-01,5.000000e-02,-1.209000e-01,1.123070e-01,0.000000e+00
-1.968036e-02,3.930000e-01,5.000000e-01,5.000000e-02,-1.213007e-01,1.119024e-01,0.000000e+00
-1.971512e-02,3.940000e-01,5.000000e-01,5.000000e-02,-1.217015e-01,1.114978e-01,0.000000e+00
-1.974988e-02,3.950000e-01,5.000000e-01,5.000000e-02,-1.221022e-01,1.110932e-01,0.000000e+00
-1.978464e-02,3.960000e-01,5.000000e-01,5.000000e-02,-1.225030e-01,1.106887e-01,0.000000e+00
-1.981940e-02,3.970000e-01,5.000000e-01,5.000000e-02,-1.229037e-01,1.102841e-01,0.000000e+00
-1.985417e-02,3.980000e-01,5.000000e-01,5.000000e-02,-1.233044e-01,1.098795e-01,0.000000e+00
-1.988834e-02,3.990000e-01,5.000000e-01,5.000000e-02,-1.237037e-01,1.094607e-01,0.000000e+00
-1.992206e-02,4.000000e-01,5.000000e-01,5.000000e-02,-1.241018e-01,1.090308e-01,0.000000e+00
-1.995577e-02,4.010000e-01,5.000000e-01,5.000000e-02,-1.245000e-01,1.086009e-01,0.000000e+00
-1.998948e-02,4.020000e-01,5.000000e-01,5.000000e-02,-1.248981e-01,1.081710e-01,0.000000e+00
-2.002320e-02,4.030000e-01,5.000000e-01,5.000000e-02,-1.252963e-01,1.077411e-01,0.000000e+00
-2.005692e-02,4.040000e-01,5.000000e-01,5.000000e-02,-1.256944e-01,1.073112e-01,0.000000e+00
-2.009063e-02,4.050000e-01,5.000000e-01,5.000000e-02,-1.260926e-01,1.068814e-01,0.000000e+00
-2.012435e-02,4.060000e-01,5.000000e-01,5.000000e-02,-1.264907e-01,1.064515e-01,0.000000e+00
-2.015714e-02,4.070000e-01,5.000000e-01,5.000000e-02,-1.268866e-01,1.060024e-01,0.000000e+00
-2.018962e-02,4.080000e-01,5.000000e-01,5.000000e-02,-1.272817e-01,1.055469e-01,0.000000e+00
-2.022210e-02,4.090000e-01,5.000000e-01,5.000000e-02,-1.276769e-01,1.050914e-01,0.000000e+00
-2.025459e-02,4.100000e-01,5.000000e-01,5.000000e-02,-1.280720e-01,1.046359e-01,0.000000e+00
-2.028707e-02,4.110000e-01,5.000000e-01,5.000000e-02,-1.284672e-01,1.041804e-01,0.000000e+00
-2.031955e-02,4.120000e-01,5.000000e-01,5.000000e-02,-1.288623e-01,1.037249e-01,0.000000e+00
-2.035204e-02,4.130000e-01,5.000000e-01,5.000000e-02,-1.292574e-01,1.032694e-01,0.000000e+00
-2.038452e-02,4.140000e-01,5.000000e-01,5.000000e-02,-1.296526e-01,1.028139e-01,0.000000e+00
-2.041567e-02,4.150000e-01,5.000000e-01,5.000000e-02,-1.300444e-01,1.023343e-01,0.000000e+00
-2.044672e-02,4.160000e-01,5.000000e-01,5.000000e-02,-1.304360e-01,1.018531e-01,0.000000e+00
-2.047778e-02,4.170000e-01,5.000000e-01,5.000000e-02,-1.308276e-01,1.013719e-01,0.000000e+00
-2.050883e-02,4.180000e-01,5.000000e-01,5.000000e-02,-1.312192e-01,1.008906e-01,0.000000e+00
-2.053989e-02,4.190000e-01,5.000000e-01,5.000000e-02,-1.316109e-01,1.004094e-01,0.000000e+00
-2.057094e-02,4.200000e-01,5.000000e-01,5.000000e-02,-1.320025e-01,9.992822e-02,0.000000e+00
-2.060200e-02,4.210000e-01,5.000000e-01,5.000000e-02,-1.323941e-01,9.944699e-02,0.000000e+00
-2.063286e-02,4.220000e-01,5.000000e-01,5.000000e-02,-1.327852e-01,9.896255e-02,0.000000e+00
-2.066229e-02,4.230000e-01,5.000000e-01,5.000000e-02,-1.331728e-01,9.845547e-02,0.000000e+00
-2.069173e-02,4.240000e-01,5.000000e-01,5.000000e-02,-1.335604e-01,9.794839e-02,0.000000e+00
-2.072117e-02,4.250000e-01,5.000000e-01,5.000000e-02,-1.339480e-01,9.744131e-02,0.000000e+00
-2.075061e-02,4.260000e-01,5.000000e-01,5.000000e-02,-1.343355e-01,9.693424e-02,0.000000e+00
-2.078005e-02,4.270000e-01,5.000000e-01,5.000000e-02,-1.347231e-01,9.642717e-02,0.000000e+00
-2.080949e-02,4.280000e-01,5.000000e-01,5.000000e-02,-1.351107e-01,9.592009e-02,0.000000e+00
-2.083893e-02,4.290000e-01,5.000000e-01,5.000000e-02,-1.354983e-01,9.541302e-02,0.000000e+00
-2.086781e-02,4.300000e-01,5.000000e-01,5.000000e-02,-1.358844e-01,9.489779e-02,0.000000e+00
-2.089543e-02,4.310000e-01,5.000000e-01,5.000000e-02,-1.362675e-01,9.436467e-02,0.000000e+00
-2.092305e-02,4.320000e-01,5.000000e-01,5.000000e-02,-1.366505e-01,9.383153e-02,0.000000e+00
-2.095067e-02,4.330000e-01,5.000000e-01,5.000000e-02,-1.370336e-01,9.329841e-02,0.000000e+00
-2.097830e-02,4.340000e-01,5.000000e-01,5.000000e-02,-1.374166e-01,9.276529e-02,0.000000e+00
-2.100592e-02,4.350000e-01,5.000000e-01,5.000000e-02,-1.377997e-01,9.223215e-02,0.000000e+00
-2.103354e-02,4.360000e-01,5.000000e-01,5.000000e-02,-1.381827e-01,9.169903e-02,0.000000e+00
-2.106116e-02,4.370000e-01,5.000000e-01,5.000000e-02,-1.385657e-01,9.116589e-02,0.000000e+00
-2.108777e-02,4.380000e-01,5.000000e-01,5.000000e-02,-1.389462e-01,9.061969e-02,0.000000e+00
-2.111337e-02,4.390000e-01,5.000000e-01,5.000000e-02,-1.393242e-01,9.006040e-02,0.000000e+00
-2.113896e-02,4.400000e-01,5.000000e-01,5.000000e-02,-1.397021e-01,8.950113e-02,0.000000e+00
-2.116455e-02,4.410000e-01,5.000000e-01,5.000000e-02,-1.400801e-01,8.894183e-02,0.000000e+00
-2.119015e-02,4.420000e-01,5.000000e-01,5.000000e-02,-1.404580e-01,8.838256e-02,0.000000e+00
-2.121574e-02,4.430000e-01,5.000000e-01,5.000000e-02,-1.408360e-01,8.782329e-02,0.000000e+00
-2.124133e-02,4.440000e-01,5.000000e-01,5.000000e-02,-1.412139e-01,8.726400e-02,0.000000e+00
-2.126693e-02,4.450000e-01,5.000000e-01,5.000000e-02,-1.415919e-01,8.670472e-02,0.000000e+00
-2.129098e-02,4.460000e-01,5.000000e-01,5.000000e-02,-1.419660e-01,8.612741e-02,0.000000e+00
-2.131433e-02,4.470000e-01,5.000000e-01,5.000000e-02,-1.423383e-01,8.554191e-02,0.000000e+00
-2.133768e-02,4.480000e-01,5.000000e-01,5.000000e-02,-1.427106e-01,8.495640e-02,0.000000e+00
-2.136103e-02,4.490000e-01,5.000000e-01,5.000000e-02,-1.430829e-01,8.437090e-02,0.000000e+00
-2.138438e-02,4.500000e-01,5.000000e-01,5.000000e-02,-1.434553e-01,8.378541e-02,0.000000e+00
-2.140773e-02,4.510000e-01,5.000000e-01,5.000000e-02,-1.438276e-01,8.319990e-02,0.000000e+00
-2.143108e-02,4.520000e-01,5.000000e-01,5.000000e-02,-1.441999e-01,8.261440e-02,0.000000e+00
-2.145443e-02,4.530000e-01,5.000000e-01,5.000000e-02,-1.445722e-01,8.202888e-02,0.000000e+00
-2.147563e-02,4.540000e-01,5.000000e-01,5.000000e-02,-1.449390e-01,8.142042e-02,0.000000e+00
-2.149653e-02,4.550000e-01,5.000000e-01,5.000000e-02,-1.453050e-01,8.080867e-02,0.000000e+00
-2.151742e-02,4.560000e-01,5.000000e-01,5.000000e-02,-1.456710e-01,8.019692e-02,0.000000e+00
-2.153831e-02,4.570000e-01,5.000000e-01,5.000000e-02,-1.460371e-01,7.958519e-02,0.000000e+00
-2.155920e-02,4.580000e-01,5.000000e-01,5.000000e-02,-1.464031e-01,7.897343e-02,0.000000e+00
-2.158009e-02,4.590000e-01,5.000000e-01,5.000000e-02,-1.467691e-01,7.836169e-02,0.000000e+00
-2.160099e-02,4.600000e-01,5.000000e-01,5.000000e-02,-1.471351e-01,7.774993e-02,0.000000e+00
-2.162171e-02,4.610000e-01,5.000000e-01,5.000000e-02,-1.475007e-01,7.713655e-02,0.000000e+00
-2.163994e-02,4.620000e-01,5.000000e-01,5.000000e-02,-1.478597e-01,7.649858e-02,0.000000e+00
-2.165816e-02,4.630000e-01,5.000000e-01,5.000000e-02,-1.482188e-01,7.586062e-02,0.000000e+00
-2.167638e-02,4.640000e-01,5.000000e-01,5.000000e-02,-1.485778e-01,7.522266e-02,0.000000e+00
-2.169460e-02,4.650000e-01,5.000000e-01,5.000000e-02,-1.489369e-01,7.458469e-02,0.000000e+00
-2.171282e-02,4.660000e-01,5.000000e-01,5.000000e-02,-1.492959e-01,7.394674e-02,0.000000e+00
-2.173104e-02,4.670000e-01,5.000000e-01,5.000000e-02,-1.496549e-01,7.330876e-02,0.000000e+00
-2.174926e-02,4.680000e-01,5.000000e-01,5.000000e-02,-1.500140e-01,7.267080e-02,0.000000e+00
-2.176676e-02,4.690000e-01,5.000000e-01,5.000000e-02,-1.503711e-01,7.202630e-02,0.000000e+00
-2.178207e-02,4.700000e-01,5.000000e-01,5.000000e-02,-1.507225e-01,7.136220e-02,0.000000e+00
-2.179739e-02,4.710000e-01,5.000000e-01,5.000000e-02,-1.510739e-01,7.069812e-02,0.000000e+00
-2.181271e-02,4.720000e-01,5.000000e-01,5.000000e-02,-1.514254e-01,7.003401e-02,0.000000e+00
-2.182803e-02,4.730000e-01,5.000000e-01,5.000000e-02,-1.517768e-01,6.936993e-02,0.000000e+00
-2.184335e-02,4.740000e-01,5.000000e-01,5.000000e-02,-1.521282e-01,6.870582e-02,0.000000e+00
-2.185867e-02,4.750000e-01,5.000000e-01,5.000000e-02,-1.524796e-01,6.804173e-02,0.000000e+00
-2.187398e-02,4.760000e-01,5.000000e-01,5.000000e-02,-1.528311e-01,6.737763e-02,0.000000e+00
-2.188794e-02,4.770000e-01,5.000000e-01,5.000000e-02,-1.531788e-01,6.670217e-02,0.000000e+00
-2.190013e-02,4.780000e-01,5.000000e-01,5.000000e-02,-1.535219e-01,6.601211e-02,0.000000e+00
-2.191233e-02,4.790000e-01,5.000000e-01,5.000000e-02,-1.538649e-01,6.532202e-02,0.000000e+00
-2.192452e-02,4.800000e-01,5.000000e-01,5.000000e-02,-1.542079e-01,6.463195e-02,0.000000e+00
-2.193672e-02,4.810000e-01,5.000000e-01,5.000000e-02,-1.545510e-01,6.394187e-02,0.000000e+00
-2.194891e-02,4.820000e-01,5.000000e-01,5.000000e-02,-1.548940e-01,6.325180e-02,0.000000e+00
-2.196111e-02,4.830000e-01,5.000000e-01,5.000000e-02,-1.552371e-01,6.256172e-02,0.000000e+00
-2.197330e-02,4.840000e-01,5.000000e-01,5.000000e-02,-1.555801e-01,6.187166e-02,0.000000e+00
-2.198341e-02,4.850000e-01,5.000000e-01,5.000000e-02,-1.559174e-01,6.116547e-02,0.000000e+00
-2.199225e-02,4.860000e-01,5.000000e-01,5.000000e-02,-1.562513e-01,6.044964e-02,0.000000e+00
-2.200110e-02,4.870000e-01,5.000000e-01,5.000000e-02,-1.565851e-01,5.973382e-02,0.000000e+00
-2.200995e-02,4.880000e-01,5.000000e-01,5.000000e-02,-1.569190e-01,5.901797e-02,0.000000e+00
-2.201880e-02,4.890000e-01,5.000000e-01,5.000000e-02,-1.572528e-01,5.830215e-02,0.000000e+00
-2.202765e-02,4.900000e-01,5.000000e-01,5.000000e-02,-1.575867e-01,5.758630e-02,0.000000e+00
-2.203649e-02,4.910000e-01,5.000000e-01,5.000000e-02,-1.579205e-01,5.687048e-02,0.000000e+00
-2.204534e-02,4.920000e-01,5.000000e-01,5.000000e-02,-1.582544e-01,5.615463e-02,0.000000e+00
-2.205129e-02,4.930000e-01,5.000000e-01,5.000000e-02,-1.585802e-01,5.541812e-02,0.000000e+00
-2.205657e-02,4.940000e-01,5.000000e-01,5.000000e-02,-1.589041e-01,5.467683e-02,0.000000e+00
-2.206185e-02,4.950000e-01,5.000000e-01,5.000000e-02,-1.592281e-01,5.393552e-02,0.000000e+00
-2.206713e-02,4.960000e-01,5.000000e-01,5.000000e-02,-1.595520e-01,5.319424e-02,0.000000e+00
-2.207241e-02,4.970000e-01,5.000000e-01,5.000000e-02,-1.598759e-01,5.245293e-02,0.000000e+00
-2.207769e-02,4.980000e-01,5.000000e-01,5.000000e-02,-1.601999e-01,5.171164e-02,0.000000e+00
-2.208297e-02,4.990000e-01,5.000000e-01,5.000000e-02,-1.605238e-01,5.097034e-02,0.000000e+00
-2.208825e-02,5.000000e-01,5.000000e-01,5.000000e-02,-1.608478e-01,5.022905e-02,0.000000e+00
-2.208975e-02,5.010000e-01,5.000000e-01,5.000000e-02,-1.611610e-01,4.946269e-02,0.000000e+00
-2.209125e-02,5.020000e-01,5.000000e-01,5.000000e-02,-1.614742e-01,4.869632e-02,0.000000e+00
-2.209275e-02,5.030000e-01,5.000000e-01,5.000000e-02,-1.617874e-01,4.792991e-02,0.000000e+00
-2.209425e-02,5.040000e-01,5.000000e-01,5.000000e-02,-1.621006e-01,4.716355e-02,0.000000e+00
-2.209575e-02,5.050000e-01,5.000000e-01,5.000000e-02,-1.624138e-01,4.639718e-02,0.000000e+00
-2.209726e-02,5.060000e-01,5.000000e-01,5.000000e-02,-1.627270e-01,4.563082e-02,0.000000e+00
-2.209876e-02,5.070000e-01,5.000000e-01,5.000000e-02,-1.630403e-01,4.486440e-02,0.000000e+00
-2.209951e-02,5.080000e-01,5.000000e-01,5.000000e-02,-1.633513e-01,4.409343e-02,0.000000e+00
-2.209701e-02,5.090000e-01,5.000000e-01,5.000000e-02,-1.636529e-01,4.330247e-02,0.000000e+00
-2.209451e-02,5.100000e-01,5.000000e-01,5.000000e-02,-1.639544e-01,4.251151e-02,0.000000e+00
-2.209201e-02,5.110000e-01,5.000000e-01,5.000000e-02,-1.642560e-01,4.172055e-02,0.000000e+00
-2.208951e-02,5.120000e-01,5.000000e-01,5.000000e-02,-1.645576e-01,4.092954e-02,0.000000e+00
-2.208701e-02,5.130000e-01,5.000000e-01,5.000000e-02,-1.648591e-01,4.013859e-02,0.000000e+00
-2.208451e-02,5.140000e-01,5.000000e-01,5.000000e-02,-1.651607e-01,3.934763e-02,0.000000e+00
-2.208201e-02,5.150000e-01,5.000000e-01,5.000000e-02,-1.654623e-01,3.855667e-02,0.000000e+00
-2.207793e-02,5.160000e-01,5.000000e-01,5.000000e-02,-1.657591e-01,3.775670e-02,0.000000e+00
-2.207122e-02,5.170000e-01,5.000000e-01,5.000000e-02,-1.660481e-01,3.694167e-02,0.000000e+00
-2.206451e-02,5.180000e-01,5.000000e-01,5.000000e-02,-1.663370e-01,3.612668e-02,0.000000e+00
-2.205780e-02,5.190000e-01,5.000000e-01,5.000000e-02,-1.666260e-01,3.531170e-02,0.000000e+00
-2.205109e-02,5.200000e-01,5.000000e-01,5.000000e-02,-1.669150e-01,3.449671e-02,0.000000e+00
-2.204438e-02,5.210000e-01,5.000000e-01,5.000000e-02,-1.672039e-01,3.368168e-02,0.000000e+00
-2.203767e-02,5.220000e-01,5.000000e-01,5.000000e-02,-1.674929e-01,3.286669e-02,0.000000e+00
-2.203096e-02,5.230000e-01,5.000000e-01,5.000000e-02,-1.677818e-01,3.205171e-02,0.000000e+00
-2.202177e-02,5.240000e-01,5.000000e-01,5.000000e-02,-1.680632e-01,3.122359e-02,0.000000e+00
-2.201066e-02,5.250000e-01,5.000000e-01,5.000000e-02,-1.683387e-01,3.038526e-02,0.000000e+00
-2.199955e-02,5.260000e-01,5.000000e-01,5.000000e-02,-1.686142e-01,2.954687e-02,0.000000e+00
-2.198843e-02,5.270000e-01,5.000000e-01,5.000000e-02,-1.688897e-01,2.870854e-02,0.000000e+00
-2.197732e-02,5.280000e-01,5.000000e-01,5.000000e-02,-1.691652e-01,2.787020e-02,0.000000e+00
-2.196621e-02,5.290000e-01,5.000000e-01,5.000000e-02,-1.694406e-01,2.703187e-02,0.000000e+00
-2.195509e-02,5.300000e-01,5.000000e-01,5.000000e-02,-1.697161e-01,2.619353e-02,0.000000e+00
-2.194398e-02,5.310000e-01,5.000000e-01,5.000000e-02,-1.699916e-01,2.535515e-02,0.000000e+00
-2.192942e-02,5.320000e-01,5.000000e-01,5.000000e-02,-1.702562e-01,2.449990e-02,0.000000e+00
-2.191371e-02,5.330000e-01,5.000000e-01,5.000000e-02,-1.705172e-01,2.363901e-02,0.000000e+00
-2.189800e-02,5.340000e-01,5.000000e-01,5.000000e-02,-1.707782e-01,2.277812e-02,0.000000e+00
-2.188229e-02,5.350000e-01,5.000000e-01,5.000000e-02,-1.710392e-01,2.191718e-02,0.000000e+00
-2.186658e-02,5.360000e-01,5.000000e-01,5.000000e-02,-1.713002e-01,2.105629e-02,0.000000e+00
-2.185087e-02,5.370000e-01,5.000000e-01,5.000000e-02,-1.715612e-01,2.019540e-02,0.000000e+00
-2.183517e-02,5.380000e-01,5.000000e-01,5.000000e-02,-1.718222e-01,1.933452e-02,0.000000e+00
-2.181946e-02,5.390000e-01,5.000000e-01,5.000000e-02,-1.720832e-01,1.847363e-02,0.000000e+00
-2.179927e-02,5.400000e-01,5.000000e-01,5.000000e-02,-1.723296e-01,1.759240e-02,0.000000e+00
-2.177879e-02,5.410000e-01,5.000000e-01,5.000000e-02,-1.725751e-01,1.670988e-02,0.000000e+00
-2.175830e-02,5.420000e-01,5.000000e-01,5.000000e-02,-1.728206e-01,1.582735e-02,0.000000e+00
-2.173782e-02,5.430000e-01,5.000000e-01,5.000000e-02,-1.730660e-01,1.494482e-02,0.000000e+00
-2.171734e-02,5.440000e-01,5.000000e-01,5.000000e-02,-1.733115e-01,1.406224e-02,0.000000e+00
-2.169686e-02,5.450000e-01,5.000000e-01,5.000000e-02,-1.735570e-01,1.317972e-02,0.000000e+00
-2.167637e-02,5.460000e-01,5.000000e-01,5.000000e-02,-1.738025e-01,1.229719e-02,0.000000e+00
-2.165527e-02,5.470000e-01,5.000000e-01,5.000000e-02,-1.740459e-01,1.141209e-02,0.000000e+00
-2.162985e-02,5.480000e-01,5.000000e-01,5.000000e-02,-1.742748e-01,1.050896e-02,0.000000e+00
-2.160443e-02,5.490000e-01,5.000000e-01,5.000000e-02,-1.745037e-01,9.605786e-03,0.000000e+00
-2.157901e-02,5.500000e-01,5.000000e-01,5.000000e-02,-1.747327e-01,8.702661e-03,0.000000e+00
-2.155359e-02,5.510000e-01,5.000000e-01,5.000000e-02,-1.749616e-01,7.799536e-03,0.000000e+00
-2.152817e-02,5.520000e-01,5.000000e-01,5.000000e-02,-1.751905e-01,6.896412e-03,0.000000e+00
-2.150275e-02,5.530000e-01,5.000000e-01,5.000000e-02,-1.754194e-01,5.993287e-03,0.000000e+00
-2.147733e-02,5.540000e-01,5.000000e-01,5.000000e-02,-1.756484e-01,5.090108e-03,0.000000e+00
-2.145031e-02,5.550000e-01,5.000000e-01,5.000000e-02,-1.758718e-01,4.180914e-03,0.000000e+00
-2.141981e-02,5.560000e-01,5.000000e-01,5.000000e-02,-1.760830e-01,3.258369e-03,0.000000e+00
-2.138930e-02,5.570000e-01,5.000000e-01,5.000000e-02,-1.762942e-01,2.335824e-03,0.000000e+00
-2.135879e-02,5.580000e-01,5.000000e-01,5.000000e-02,-1.765055e-01,1.413224e-03,0.000000e+00
-2.132828e-02,5.590000e-01,5.000000e-01,5.000000e-02,-1.767167e-01,4.906783e-04,0.000000e+00
-2.129777e-02,5.600000e-01,5.000000e-01,5.000000e-02,-1.769279e-01,-4.318670e-04,0.000000e+00
-2.126726e-02,5.610000e-01,5.000000e-01,5.000000e-02,-1.771391e-01,-1.354412e-03,0.000000e+00
-2.123675e-02,5.620000e-01,5.000000e-01,5.000000e-02,-1.773504e-01,-2.276958e-03,0.000000e+00
-2.120364e-02,5.630000e-01,5.000000e-01,5.000000e-02,-1.775522e-01,-3.208609e-03,0.000000e+00
-2.116791e-02,5.640000e-01,5.000000e-01,5.000000e-02,-1.777447e-01,-4.149256e-03,0.000000e+00
-2.113218e-02,5.650000e-01,5.000000e-01,5.000000e-02,-1.779372e-01,-5.089902e-03,0.000000e+00
-2.109645e-02,5.660000e-01,5.000000e-01,5.000000e-02,-1.781297e-01,-6.030549e-03,0.000000e+00
-2.106073e-02,5.670000e-01,5.000000e-01,5.000000e-02,-1.783222e-01,-6.971196e-03,0.000000e+00
-2.102499e-02,5.680000e-01,5.000000e-01,5.000000e-02,-1.785146e-01,-7.911899e-03,0.000000e+00
-2.098927e-02,5.690000e-01,5.000000e-01,5.000000e-02,-1.787071e-01,-8.852545e-03,0.000000e+00
-2.095354e-02,5.700000e-01,5.000000e-01,5.000000e-02,-1.788996e-01,-9.793192e-03,0.000000e+00
-2.091416e-02,5.710000e-01,5.000000e-01,5.000000e-02,-1.790784e-01,-1.074527e-02,0.000000e+00
-2.087311e-02,5.720000e-01,5.000000e-01,5.000000e-02,-1.792511e-01,-1.170261e-02,0.000000e+00
-2.083206e-02,5.730000e-01,5.000000e-01,5.000000e-02,-1.794237e-01,-1.265989e-02,0.000000e+00
-2.079102e-02,5.740000e-01,5.000000e-01,5.000000e-02,-1.795964e-01,-1.361717e-02,0.000000e+00
-2.074997e-02,5.750000e-01,5.000000e-01,5.000000e-02,-1.797690e-01,-1.457445e-02,0.000000e+00
-2.070892e-02,5.760000e-01,5.000000e-01,5.000000e-02,-1.799416e-01,-1.553173e-02,0.000000e+00
-2.066788e-02,5.770000e-01,5.000000e-01,5.000000e-02,-1.801143e-01,-1.648907e-02,0.000000e+00
-2.062683e-02,5.780000e-01,5.000000e-01,5.000000e-02,-1.802869e-01,-1.744635e-02,0.000000e+00
-2.058105e-02,5.790000e-01,5.000000e-01,5.000000e-02,-1.804411e-01,-1.841676e-02,0.000000e+00
-2.053460e-02,5.800000e-01,5.000000e-01,5.000000e-02,-1.805927e-01,-1.938905e-02,0.000000e+00
-2.048814e-02,5.810000e-01,5.000000e-01,5.000000e-02,-1.807443e-01,-2.036134e-02,0.000000e+00
-2.044169e-02,5.820000e-01,5.000000e-01,5.000000e-02,-1.808959e-01,-2.133368e-02,0.000000e+00
-2.039523e-02,5.830000e-01,5.000000e-01,5.000000e-02,-1.810475e-01,-2.230597e-02,0.000000e+00
-2.034878e-02,5.840000e-01,5.000000e-01,5.000000e-02,-1.811990e-01,-2.327826e-02,0.000000e+00
-2.030233e-02,5.850000e-01,5.000000e-01,5.000000e-02,-1.813506e-01,-2.425055e-02,0.000000e+00
-2.025553e-02,5.860000e-01,5.000000e-01,5.000000e-02,-1.815008e-01,-2.522372e-02,0.000000e+00
-2.020361e-02,5.870000e-01,5.000000e-01,5.000000e-02,-1.816302e-01,-2.620923e-02,0.000000e+00
-2.015168e-02,5.880000e-01,5.000000e-01,5.000000e-02,-1.817595e-01,-2.719474e-02,0.000000e+00
-2.009976e-02,5.890000e-01,5.000000e-01,5.000000e-02,-1.818889e-01,-2.818025e-02,0.000000e+00
-2.004784e-02,5.900000e-01,5.000000e-01,5.000000e-02,-1.820182e-01,-2.916576e-02,0.000000e+00
-1.999591e-02,5.910000e-01,5.000000e-01,5.000000e-02,-1.821476e-01,-3.015133e-02,0.000000e+00
-1.994399e-02,5.920000e-01,5.000000e-01,5.000000e-02,-1.822769e-01,-3.113684e-02,0.000000e+00
-1.989207e-02,5.930000e-01,5.000000e-01,5.000000e-02,-1.824062e-01,-3.212235e-02,0.000000e+00
-1.983877e-02,5.940000e-01,5.000000e-01,5.000000e-02,-1.825298e-01,-3.311068e-02,0.000000e+00
-1.978136e-02,5.950000e-01,5.000000e-01,5.000000e-02,-1.826358e-01,-3.410752e-02,0.000000e+00
-1.972394e-02,5.960000e-01,5.000000e-01,5.000000e-02,-1.827418e-01,-3.510430e-02,0.000000e+00
-1.966653e-02,5.970000e-01,5.000000e-01,5.000000e-02,-1.828478e-01,-3.610108e-02,0.000000e+00
-1.960911e-02,5.980000e-01,5.000000e-01,5.000000e-02,-1.829538e-01,-3.709786e-02,0.000000e+00
-1.955170e-02,5.990000e-01,5.000000e-01,5.000000e-02,-1.830598e-01,-3.809464e-02,0.000000e+00
-1.949428e-02,6.000000e-01,5.000000e-01,5.000000e-02,-1.831659e-01,-3.909148e-02,0.000000e+00
-1.943687e-02,6.010000e-01,5.000000e-01,5.000000e-02,-1.832719e-01,-4.008826e-02,0.000000e+00
-1.937705e-02,6.020000e-01,5.000000e-01,5.000000e-02,-1.833671e-01,-4.108905e-02,0.000000e+00
-1.931414e-02,6.030000e-01,5.000000e-01,5.000000e-02,-1.834486e-01,-4.209498e-02,0.000000e+00
-1.925123e-02,6.040000e-01,5.000000e-01,5.000000e-02,-1.835300e-01,-4.310091e-02,0.000000e+00
-1.918831e-02,6.050000e-01,5.000000e-01,5.000000e-02,-1.836115e-01,-4.410690e-02,0.000000e+00
-1.912540e-02,6.060000e-01,5.000000e-01,5.000000e-02,-1.836929e-01,-4.511284e-02,0.000000e+00
-1.906249e-02,6.070000e-01,5.000000e-01,5.000000e-02,-1.837743e-01,-4.611877e-02,0.000000e+00
-1.899958e-02,6.080000e-01,5.000000e-01,5.000000e-02,-1.838558e-01,-4.712470e-02,0.000000e+00
-1.893667e-02,6.090000e-01,5.000000e-01,5.000000e-02,-1.839372e-01,-4.813070e-02,0.000000e+00
-1.887034e-02,6.100000e-01,5.000000e-01,5.000000e-02,-1.840025e-01,-4.914091e-02,0.000000e+00
-1.880197e-02,6.110000e-01,5.000000e-01,5.000000e-02,-1.840582e-01,-5.015369e-02,0.000000e+00
-1.873360e-02,6.120000e-01,5.000000e-01,5.000000e-02,-1.841138e-01,-5.116647e-02,0.000000e+00
-1.866523e-02,6.130000e-01,5.000000e-01,5.000000e-02,-1.841695e-01,-5.217925e-02,0.000000e+00
-1.859686e-02,6.140000e-01,5.000000e-01,5.000000e-02,-1.842251e-01,-5.319209e-02,0.000000e+00
-1.852849e-02,6.150000e-01,5.000000e-01,5.000000e-02,-1.842808e-01,-5.420487e-02,0.000000e+00
-1.846012e-02,6.160000e-01,5.000000e-01,5.000000e-02,-1.843364e-01,-5.521765e-02,0.000000e+00
-1.839175e-02,6.170000e-01,5.000000e-01,5.000000e-02,-1.843921e-01,-5.623043e-02,0.000000e+00
-1.831899e-02,6.180000e-01,5.000000e-01,5.000000e-02,-1.844259e-01,-5.724676e-02,0.000000e+00
-1.824523e-02,6.190000e-01,5.000000e-01,5.000000e-02,-1.844546e-01,-5.826397e-02,0.000000e+00
-1.817147e-02,6.200000e-01,5.000000e-01,5.000000e-02,-1.844834e-01,-5.928112e-02,0.000000e+00
-1.809770e-02,6.210000e-01,5.000000e-01,5.000000e-02,-1.845122e-01,-6.029827e-02,0.000000e+00
-1.802394e-02,6.220000e-01,5.000000e-01,5.000000e-02,-1.845409e-01,-6.131542e-02,0.000000e+00
-1.795018e-02,6.230000e-01,5.000000e-01,5.000000e-02,-1.845697e-01,-6.233263e-02,0.000000e+00
-1.787641e-02,6.240000e-01,5.000000e-01,5.000000e-02,-1.845985e-01,-6.334978e-02,0.000000e+00
-1.780265e-02,6.250000e-01,5.000000e-01,5.000000e-02,-1.846272e-01,-6.436692e-02,0.000000e+00
-1.772360e-02,6.260000e-01,5.000000e-01,5.000000e-02,-1.846280e-01,-6.538578e-02,0.000000e+00
-1.764455e-02,6.270000e-01,5.000000e-01,5.000000e-02,-1.846287e-01,-6.640464e-02,0.000000e+00
-1.756549e-02,6.280000e-01,5.000000e-01,5.000000e-02,-1.846294e-01,-6.742356e-02,0.000000e+00
-1.748644e-02,6.290000e-01,5.000000e-01,5.000000e-02,-1.846301e-01,-6.844241e-02,0.000000e+00
-1.740739e-02,6.300000e-01,5.000000e-01,5.000000e-02,-1.846308e-01,-6.946127e-02,0.000000e+00
-1.732833e-02,6.310000e-01,5.000000e-01,5.000000e-02,-1.846315e-01,-7.048013e-02,0.000000e+00
-1.724928e-02,6.320000e-01,5.000000e-01,5.000000e-02,-1.846322e-01,-7.149905e-02,0.000000e+00
-1.716927e-02,6.330000e-01,5.000000e-01,5.000000e-02,-1.846274e-01,-7.251769e-02,0.000000e+00
-1.708508e-02,6.340000e-01,5.000000e-01,5.000000e-02,-1.845989e-01,-7.353542e-02,0.000000e+00
-1.700089e-02,6.350000e-01,5.000000e-01,5.000000e-02,-1.845704e-01,-7.455314e-02,0.000000e+00
-1.691671e-02,6.360000e-01,5.000000e-01,5.000000e-02,-1.845419e-01,-7.557086e-02,0.000000e+00
-1.683252e-02,6.370000e-01,5.000000e-01,5.000000e-02,-1.845134e-01,-7.658865e-02,0.000000e+00
-1.674834e-02,6.380000e-01,5.000000e-01,5.000000e-02,-1.844849e-01,-7.760637e-02,0.000000e+00
-1.666415e-02,6.390000e-01,5.000000e-01,5.000000e-02,-1.844563e-01,-7.862408e-02,0.000000e+00
-1.657997e-02,6.400000e-01,5.000000e-01,5.000000e-02,-1.844278e-01,-7.964180e-02,0.000000e+00
-1.649393e-02,6.410000e-01,5.000000e-01,5.000000e-02,-1.843880e-01,-8.065797e-02,0.000000e+00
-1.640479e-02,6.420000e-01,5.000000e-01,5.000000e-02,-1.843291e-01,-8.167160e-02,0.000000e+00
-1.631565e-02,6.430000e-01,5.000000e-01,5.000000e-02,-1.842703e-01,-8.268517e-02,0.000000e+00
-1.622652e-02,6.440000e-01,5.000000e-01,5.000000e-02,-1.842115e-01,-8.369873e-02,0.000000e+00
-1.613738e-02,6.450000e-01,5.000000e-01,5.000000e-02,-1.841527e-01,-8.471230e-02,0.000000e+00
-1.604824e-02,6.460000e-01,5.000000e-01,5.000000e-02,-1.840939e-01,-8.572593e-02,0.000000e+00
-1.595911e-02,6.470000e-01,5.000000e-01,5.000000e-02,-1.840350e-01,-8.673950e-02,0.000000e+00
-1.586997e-02,6.480000e-01,5.000000e-01,5.000000e-02,-1.839762e-01,-8.775306e-02,0.000000e+00
-1.577818e-02,6.490000e-01,5.000000e-01,5.000000e-02,-1.838998e-01,-8.876248e-02,0.000000e+00
-1.568432e-02,6.500000e-01,5.000000e-01,5.000000e-02,-1.838097e-01,-8.976869e-02,0.000000e+00
-1.559045e-02,6.510000e-01,5.000000e-01,5.000000e-02,-1.837196e-01,-9.077496e-02,0.000000e+00
-1.549659e-02,6.520000e-01,5.000000e-01,5.000000e-02,-1.836295e-01,-9.178116e-02,0.000000e+00
-1.540273e-02,6.530000e-01,5.000000e-01,5.000000e-02,-1.835394e-01,-9.278737e-02,0.000000e+00
-1.530887e-02,6.540000e-01,5.000000e-01,5.000000e-02,-1.834493e-01,-9.379357e-02,0.000000e+00
-1.521501e-02,6.550000e-01,5.000000e-01,5.000000e-02,-1.833591e-01,-9.479978e-02,0.000000e+00
-1.512114e-02,6.560000e-01,5.000000e-01,5.000000e-02,-1.832690e-01,-9.580604e-02,0.000000e+00
-1.502395e-02,6.570000e-01,5.000000e-01,5.000000e-02,-1.831547e-01,-9.680422e-02,0.000000e+00
-1.492564e-02,6.580000e-01,5.000000e-01,5.000000e-02,-1.830323e-01,-9.779971e-02,0.000000e+00
-1.482734e-02,6.590000e-01,5.000000e-01,5.000000e-02,-1.829099e-01,-9.879521e-02,0.000000e+00
-1.472903e-02,6.600000e-01,5.000000e-01,5.000000e-02,-1.827875e-01,-9.979077e-02,0.000000e+00
-1.463073e-02,6.610000e-01,5.000000e-01,5.000000e-02,-1.826651e-01,-1.007863e-01,0.000000e+00
-1.453243e-02,6.620000e-01,5.000000e-01,5.000000e-02,-1.825427e-01,-1.017818e-01,0.000000e+00
-1.443412e-02,6.630000e-01,5.000000e-01,5.000000e-02,-1.824203e-01,-1.027773e-01,0.000000e+00
-1.433582e-02,6.640000e-01,5.000000e-01,5.000000e-02,-1.822979e-01,-1.037728e-01,0.000000e+00
-1.423365e-02,6.650000e-01,5.000000e-01,5.000000e-02,-1.821443e-01,-1.047549e-01,0.000000e+00
-1.413122e-02,6.660000e-01,5.000000e-01,5.000000e-02,-1.819886e-01,-1.057362e-01,0.000000e+00
-1.402880e-02,6.670000e-01,5.000000e-01,5.000000e-02,-1.818329e-01,-1.067174e-01,0.000000e+00
-1.392638e-02,6.680000e-01,5.000000e-01,5.000000e-02,-1.816773e-01,-1.076986e-01,0.000000e+00
-1.382395e-02,6.690000e-01,5.000000e-01,5.000000e-02,-1.815216e-01,-1.086799e-01,0.000000e+00
-1.372152e-02,6.700000e-01,5.000000e-01,5.000000e-02,-1.813659e-01,-1.096612e-01,0.000000e+00
-1.361910e-02,6.710000e-01,5.000000e-01,5.000000e-02,-1.812102e-01,-1.106424e-01,0.000000e+00
-1.351620e-02,6.720000e-01,5.000000e-01,5.000000e-02,-1.810503e-01,-1.116214e-01,0.000000e+00
-1.341002e-02,6.730000e-01,5.000000e-01,5.000000e-02,-1.808605e-01,-1.125846e-01,0.000000e+00
-1.330382e-02,6.740000e-01,5.000000e-01,5.000000e-02,-1.806708e-01,-1.135479e-01,0.000000e+00
-1.319763e-02,6.750000e-01,5.000000e-01,5.000000e-02,-1.804811e-01,-1.145111e-01,0.000000e+00
-1.309145e-02,6.760000e-01,5.000000e-01,5.000000e-02,-1.802914e-01,-1.154743e-01,0.000000e+00
-1.298526e-02,6.770000e-01,5.000000e-01,5.000000e-02,-1.801016e-01,-1.164376e-01,0.000000e+00
-1.287907e-02,6.780000e-01,5.000000e-01,5.000000e-02,-1.799119e-01,-1.174008e-01,0.000000e+00
-1.277288e-02,6.790000e-01,5.000000e-01,5.000000e-02,-1.797222e-01,-1.183641e-01,0.000000e+00
-1.266564e-02,6.800000e-01,5.000000e-01,5.000000e-02,-1.795216e-01,-1.193204e-01,0.000000e+00
-1.255610e-02,6.810000e-01,5.000000e-01,5.000000e-02,-1.792971e-01,-1.202618e-01,0.000000e+00
-1.244656e-02,6.820000e-01,5.000000e-01,5.000000e-02,-1.790726e-01,-1.212032e-01,0.000000e+00
-1.233701e-02,6.830000e-01,5.000000e-01,5.000000e-02,-1.788480e-01,-1.221446e-01,0.000000e+00
-1.222747e-02,6.840000e-01,5.000000e-01,5.000000e-02,-1.786235e-01,-1.230859e-01,0.000000e+00
-1.211793e-02,6.850000e-01,5.000000e-01,5.000000e-02,-1.783990e-01,-1.240273e-01,0.000000e+00
-1.200839e-02,6.860000e-01,5.000000e-01,5.000000e-02,-1.781745e-01,-1.249687e-01,0.000000e+00
-1.189885e-02,6.870000e-01,5.000000e-01,5.000000e-02,-1.779500e-01,-1.259100e-01,0.000000e+00
-1.178785e-02,6.880000e-01,5.000000e-01,5.000000e-02,-1.777078e-01,-1.268385e-01,0.000000e+00
-1.167541e-02,6.890000e-01,5.000000e-01,5.000000e-02,-1.774478e-01,-1.277541e-01,0.000000e+00
-1.156297e-02,6.900000e-01,5.000000e-01,5.000000e-02,-1.771878e-01,-1.286696e-01,0.000000e+00
-1.145053e-02,6.910000e-01,5.000000e-01,5.000000e-02,-1.769279e-01,-1.295852e-01,0.000000e+00
-1.133809e-02,6.920000e-01,5.000000e-01,5.000000e-02,-1.766679e-01,-1.305007e-01,0.000000e+00
-1.122564e-02,6.930000e-01,5.000000e-01,5.000000e-02,-1.764079e-01,-1.314163e-01,0.000000e+00
-1.111320e-02,6.940000e-01,5.000000e-01,5.000000e-02,-1.761480e-01,-1.323318e-01,0.000000e+00
-1.100076e-02,6.950000e-01,5.000000e-01,5.000000e-02,-1.758880e-01,-1.332474e-01,0.000000e+00
-1.088667e-02,6.960000e-01,5.000000e-01,5.000000e-02,-1.756033e-01,-1.341424e-01,0.000000e+00
-1.077182e-02,6.970000e-01,5.000000e-01,5.000000e-02,-1.753074e-01,-1.350280e-01,0.000000e+00
-1.065698e-02,6.980000e-01,5.000000e-01,5.000000e-02,-1.750115e-01,-1.359137e-01,0.000000e+00
-1.054214e-02,6.990000e-01,5.000000e-01,5.000000e-02,-1.747156e-01,-1.367993e-01,0.000000e+00
-1.042730e-02,7.000000e-01,5.000000e-01,5.000000e-02,-1.744197e-01,-1.376849e-01,0.000000e+00
-1.031246e-02,7.010000e-01,5.000000e-01,5.000000e-02,-1.741238e-01,-1.385705e-01,0.000000e+00
-1.019761e-02,7.020000e-01,5.000000e-01,5.000000e-02,-1.738279e-01,-1.394562e-01,0.000000e+00
-1.008277e-02,7.030000e-01,5.000000e-01,5.000000e-02,-1.735320e-01,-1.403418e-01,0.000000e+00
-9.966291e-03,7.040000e-01,5.000000e-01,5.000000e-02,-1.732043e-01,-1.411975e-01,0.000000e+00
-9.849581e-03,7.050000e-01,5.000000e-01,5.000000e-02,-1.728721e-01,-1.420489e-01,0.000000e+00
-9.732871e-03,7.060000e-01,5.000000e-01,5.000000e-02,-1.725399e-01,-1.429003e-01,0.000000e+00
-9.616154e-03,7.070000e-01,5.000000e-01,5.000000e-02,-1.722077e-01,-1.437518e-01,0.000000e+00
-9.499445e-03,7.080000e-01,5.000000e-01,5.000000e-02,-1.718756e-01,-1.446032e-01,0.000000e+00
-9.382734e-03,7.090000e-01,5.000000e-01,5.000000e-02,-1.715434e-01,-1.454546e-01,0.000000e+00
-9.266024e-03,7.100000e-01,5.000000e-01,5.000000e-02,-1.712112e-01,-1.463060e-01,0.000000e+00
-9.149227e-03,7.110000e-01,5.000000e-01,5.000000e-02,-1.708767e-01,-1.471551e-01,0.000000e+00
-9.031221e-03,7.120000e-01,5.000000e-01,5.000000e-02,-1.705079e-01,-1.479680e-01,0.000000e+00
-8.913216e-03,7.130000e-01,5.000000e-01,5.000000e-02,-1.701392e-01,-1.487809e-01,0.000000e+00
-8.795211e-03,7.140000e-01,5.000000e-01,5.000000e-02,-1.697704e-01,-1.495937e-01,0.000000e+00
-8.677206e-03,7.150000e-01,5.000000e-01,5.000000e-02,-1.694016e-01,-1.504066e-01,0.000000e+00
-8.559193e-03,7.160000e-01,5.000000e-01,5.000000e-02,-1.690329e-01,-1.512196e-01,0.000000e+00
-8.441188e-03,7.170000e-01,5.000000e-01,5.000000e-02,-1.686641e-01,-1.520324e-01,0.000000e+00
-8.323183e-03,7.180000e-01,5.000000e-01,5.000000e-02,-1.682953e-01,-1.528453e-01,0.000000e+00
-8.205008e-03,7.190000e-01,5.000000e-01,5.000000e-02,-1.679174e-01,-1.536475e-01,0.000000e+00
-8.086314e-03,7.200000e-01,5.000000e-01,5.000000e-02,-1.675120e-01,-1.544176e-01,0.000000e+00
-7.967628e-03,7.210000e-01,5.000000e-01,5.000000e-02,-1.671067e-01,-1.551876e-01,0.000000e+00
-7.848941e-03,7.220000e-01,5.000000e-01,5.000000e-02,-1.667013e-01,-1.559577e-01,0.000000e+00
-7.730254e-03,7.230000e-01,5.000000e-01,5.000000e-02,-1.662959e-01,-1.567277e-01,0.000000e+00
-7.611567e-03,7.240000e-01,5.000000e-01,5.000000e-02,-1.658905e-01,-1.574977e-01,0.000000e+00
-7.492873e-03,7.250000e-01,5.000000e-01,5.000000e-02,-1.654851e-01,-1.582678e-01,0.000000e+00
-7.374186e-03,7.260000e-01,5.000000e-01,5.000000e-02,-1.650798e-01,-1.590379e-01,0.000000e+00
-7.255481e-03,7.270000e-01,5.000000e-01,5.000000e-02,-1.646585e-01,-1.597872e-01,0.000000e+00
-7.136751e-03,7.280000e-01,5.000000e-01,5.000000e-02,-1.642167e-01,-1.605099e-01,0.000000e+00
-7.018021e-03,7.290000e-01,5.000000e-01,5.000000e-02,-1.637749e-01,-1.612327e-01,0.000000e+00
-6.899284e-03,7.300000e-01,5.000000e-01,5.000000e-02,-1.633331e-01,-1.619555e-01,0.000000e+00
-6.780555e-03,7.310000e-01,5.000000e-01,5.000000e-02,-1.628913e-01,-1.626782e-01,0.000000e+00
-6.661825e-03,7.320000e-01,5.000000e-01,5.000000e-02,-1.624495e-01,-1.634010e-01,0.000000e+00
-6.543095e-03,7.330000e-01,5.000000e-01,5.000000e-02,-1.620077e-01,-1.641237e-01,0.000000e+00
-6.424359e-03,7.340000e-01,5.000000e-01,5.000000e-02,-1.615659e-01,-1.648465e-01,0.000000e+00
-6.306019e-03,7.350000e-01,5.000000e-01,5.000000e-02,-1.611015e-01,-1.655369e-01,0.000000e+00
-6.187914e-03,7.360000e-01,5.000000e-01,5.000000e-02,-1.606236e-01,-1.662078e-01,0.000000e+00
-6.069809e-03,7.370000e-01,5.000000e-01,5.000000e-02,-1.601457e-01,-1.668788e-01,0.000000e+00
-5.951704e-03,7.380000e-01,5.000000e-01,5.000000e-02,-1.596678e-01,-1.675498e-01,0.000000e+00
-5.833592e-03,7.390000e-01,5.000000e-01,5.000000e-02,-1.591899e-01,-1.682208e-01,0.000000e+00
-5.715487e-03,7.400000e-01,5.000000e-01,5.000000e-02,-1.587120e-01,-1.688917e-01,0.000000e+00
-5.597382e-03,7.410000e-01,5.000000e-01,5.000000e-02,-1.582340e-01,-1.695627e-01,0.000000e+00
-5.479277e-03,7.420000e-01,5.000000e-01,5.000000e-02,-1.577561e-01,-1.702337e-01,0.000000e+00
-5.362238e-03,7.430000e-01,5.000000e-01,5.000000e-02,-1.572493e-01,-1.708590e-01,0.000000e+00
-5.245439e-03,7.440000e-01,5.000000e-01,5.000000e-02,-1.567357e-01,-1.714739e-01,0.000000e+00
-5.128647e-03,7.450000e-01,5.000000e-01,5.000000e-02,-1.562222e-01,-1.720887e-01,0.000000e+00
-5.011855e-03,7.460000e-01,5.000000e-01,5.000000e-02,-1.557087e-01,-1.727035e-01,0.000000e+00
-4.895063e-03,7.470000e-01,5.000000e-01,5.000000e-02,-1.551951e-01,-1.733183e-01,0.000000e+00
-4.778264e-03,7.480000e-01,5.000000e-01,5.000000e-02,-1.546816e-01,-1.739331e-01,0.000000e+00
-4.661472e-03,7.490000e-01,5.000000e-01,5.000000e-02,-1.541680e-01,-1.745479e-01,0.000000e+00
-4.544680e-03,7.500000e-01,5.000000e-01,5.000000e-02,-1.536545e-01,-1.751627e-01,0.000000e+00
-4.429905e-03,7.510000e-01,5.000000e-01,5.000000e-02,-1.531061e-01,-1.757170e-01,0.000000e+00
-4.315129e-03,7.520000e-01,5.000000e-01,5.000000e-02,-1.525577e-01,-1.762713e-01,0.000000e+00
-4.200347e-03,7.530000e-01,5.000000e-01,5.000000e-02,-1.520092e-01,-1.768257e-01,0.000000e+00
-4.085571e-03,7.540000e-01,5.000000e-01,5.000000e-02,-1.514608e-01,-1.773800e-01,0.000000e+00
-3.970796e-03,7.550000e-01,5.000000e-01,5.000000e-02,-1.509124e-01,-1.779343e-01,0.000000e+00
-3.856020e-03,7.560000e-01,5.000000e-01,5.000000e-02,-1.503640e-01,-1.784886e-01,0.000000e+00
-3.741238e-03,7.570000e-01,5.000000e-01,5.000000e-02,-1.498156e-01,-1.790429e-01,0.000000e+00
-3.626974e-03,7.580000e-01,5.000000e-01,5.000000e-02,-1.492608e-01,-1.795850e-01,0.000000e+00
-3.514928e-03,7.590000e-01,5.000000e-01,5.000000e-02,-1.486786e-01,-1.800745e-01,0.000000e+00
-3.402881e-03,7.600000e-01,5.000000e-01,5.000000e-02,-1.480963e-01,-1.805640e-01,0.000000e+00
-3.290834e-03,7.610000e-01,5.000000e-01,5.000000e-02,-1.475140e-01,-1.810534e-01,0.000000e+00
-3.178781e-03,7.620000e-01,5.000000e-01,5.000000e-02,-1.469317e-01,-1.815429e-01,0.000000e+00
-3.066735e-03,7.630000e-01,5.000000e-01,5.000000e-02,-1.463495e-01,-1.820324e-01,0.000000e+00
-2.954688e-03,7.640000e-01,5.000000e-01,5.000000e-02,-1.457672e-01,-1.825218e-01,0.000000e+00
-2.842641e-03,7.650000e-01,5.000000e-01,5.000000e-02,-1.451849e-01,-1.830113e-01,0.000000e+00
-2.731886e-03,7.660000e-01,5.000000e-01,5.000000e-02,-1.445904e-01,-1.834749e-01,0.000000e+00
-2.623277e-03,7.670000e-01,5.000000e-01,5.000000e-02,-1.439755e-01,-1.838955e-01,0.000000e+00
-2.514674e-03,7.680000e-01,5.000000e-01,5.000000e-02,-1.433607e-01,-1.843160e-01,0.000000e+00
-2.406072e-03,7.690000e-01,5.000000e-01,5.000000e-02,-1.427458e-01,-1.847366e-01,0.000000e+00
-2.297469e-03,7.700000e-01,5.000000e-01,5.000000e-02,-1.421309e-01,-1.851571e-01,0.000000e+00
-2.188860e-03,7.710000e-01,5.000000e-01,5.000000e-02,-1.415160e-01,-1.855777e-01,0.000000e+00
-2.080257e-03,7.720000e-01,5.000000e-01,5.000000e-02,-1.409011e-01,-1.859982e-01,0.000000e+00
-1.971654e-03,7.730000e-01,5.000000e-01,5.000000e-02,-1.402863e-01,-1.864188e-01,0.000000e+00
-1.865387e-03,7.740000e-01,5.000000e-01,5.000000e-02,-1.396539e-01,-1.867982e-01,0.000000e+00
-1.760938e-03,7.750000e-01,5.000000e-01,5.000000e-02,-1.390078e-01,-1.871458e-01,0.000000e+00
-1.656482e-03,7.760000e-01,5.000000e-01,5.000000e-02,-1.383617e-01,-1.874934e-01,0.000000e+00
-1.552033e-03,7.770000e-01,5.000000e-01,5.000000e-02,-1.377157e-01,-1.878409e-01,0.000000e+00
-1.447583e-03,7.780000e-01,5.000000e-01,5.000000e-02,-1.370697e-01,-1.881884e-01,0.000000e+00
-1.343133e-03,7.790000e-01,5.000000e-01,5.000000e-02,-1.364236e-01,-1.885360e-01,0.000000e+00
-1.238684e-03,7.800000e-01,5.000000e-01,5.000000e-02,-1.357776e-01,-1.888835e-01,0.000000e+00
-1.134228e-03,7.810000e-01,5.000000e-01,5.000000e-02,-1.351315e-01,-1.892311e-01,0.000000e+00
-1.033415e-03,7.820000e-01,5.000000e-01,5.000000e-02,-1.344634e-01,-1.895211e-01,0.000000e+00
-9.338142e-04,7.830000e-01,5.000000e-01,5.000000e-02,-1.337879e-01,-1.897918e-01,0.000000e+00
-8.342132e-04,7.840000e-01,5.000000e-01,5.000000e-02,-1.331124e-01,-1.900626e-01,0.000000e+00
-7.346064e-04,7.850000e-01,5.000000e-01,5.000000e-02,-1.324369e-01,-1.903333e-01,0.000000e+00
-6.350055e-04,7.860000e-01,5.000000e-01,5.000000e-02,-1.317614e-01,-1.906041e-01,0.000000e+00
-5.354045e-04,7.870000e-01,5.000000e-01,5.000000e-02,-1.310860e-01,-1.908748e-01,0.000000e+00
-4.358036e-04,7.880000e-01,5.000000e-01,5.000000e-02,-1.304105e-01,-1.911456e-01,0.000000e+00
-3.362027e-04,7.890000e-01,5.000000e-01,5.000000e-02,-1.297350e-01,-1.914163e-01,0.000000e+00
-2.417742e-04,7.900000e-01,5.000000e-01,5.000000e-02,-1.290338e-01,-1.916118e-01,0.000000e+00
-1.476967e-04,7.910000e-01,5.000000e-01,5.000000e-02,-1.283310e-01,-1.918023e-01,0.000000e+00
-5.361917e-05,7.920000e-01,5.000000e-01,5.000000e-02,-1.276281e-01,-1.919927e-01,0.000000e+00
4.045833e-05,7.930000e-01,5.000000e-01,5.000000e-02,-1.269253e-01,-1.921832e-01,0.000000e+00
1.345414e-04,7.940000e-01,5.000000e-01,5.000000e-02,-1.262224e-01,-1.923737e-01,0.000000e+00
2.286190e-04,7.950000e-01,5.000000e-01,5.000000e-02,-1.255196e-01,-1.925641e-01,0.000000e+00
3.226965e-04,7.960000e-01,5.000000e-01,5.000000e-02,-1.248167e-01,-1.927546e-01,0.000000e+00
4.160029e-04,7.970000e-01,5.000000e-01,5.000000e-02,-1.241108e-01,-1.929346e-01,0.000000e+00
5.039116e-04,7.980000e-01,5.000000e-01,5.000000e-02,-1.233828e-01,-1.930415e-01,0.000000e+00
5.918255e-04,7.990000e-01,5.000000e-01,5.000000e-02,-1.226549e-01,-1.931483e-01,0.000000e+00
6.797342e-04,8.000000e-01,5.000000e-01,5.000000e-02,-1.219269e-01,-1.932552e-01,0.000000e+00
7.676428e-04,8.010000e-01,5.000000e-01,5.000000e-02,-1.211990e-01,-1.933620e-01,0.000000e+00
8.555515e-04,8.020000e-01,5.000000e-01,5.000000e-02,-1.204711e-01,-1.934688e-01,0.000000e+00
9.434602e-04,8.030000e-01,5.000000e-01,5.000000e-02,-1.197432e-01,-1.935757e-01,0.000000e+00
1.031374e-03,8.040000e-01,5.000000e-01,5.000000e-02,-1.190152e-01,-1.936825e-01,0.000000e+00
1.117165e-03,8.050000e-01,5.000000e-01,5.000000e-02,-1.182802e-01,-1.937623e-01,0.000000e+00
1.198296e-03,8.060000e-01,5.000000e-01,5.000000e-02,-1.175298e-01,-1.937826e-01,0.000000e+00
1.279427e-03,8.070000e-01,5.000000e-01,5.000000e-02,-1.167793e-01,-1.938028e-01,0.000000e+00
1.360563e-03,8.080000e-01,5.000000e-01,5.000000e-02,-1.160288e-01,-1.938231e-01,0.000000e+00
1.441694e-03,8.090000e-01,5.000000e-01,5.000000e-02,-1.152784e-01,-1.938433e-01,0.000000e+00
1.522825e-03,8.100000e-01,5.000000e-01,5.000000e-02,-1.145279e-01,-1.938636e-01,0.000000e+00
1.603956e-03,8.110000e-01,5.000000e-01,5.000000e-02,-1.137775e-01,-1.938839e-01,0.000000e+00
1.685087e-03,8.120000e-01,5.000000e-01,5.000000e-02,-1.130270e-01,-1.939041e-01,0.000000e+00
1.762552e-03,8.130000e-01,5.000000e-01,5.000000e-02,-1.122667e-01,-1.938798e-01,0.000000e+00
1.836343e-03,8.140000e-01,5.000000e-01,5.000000e-02,-1.114965e-01,-1.938108e-01,0.000000e+00
1.910133e-03,8.150000e-01,5.000000e-01,5.000000e-02,-1.107264e-01,-1.937418e-01,0.000000e+00
1.983924e-03,8.160000e-01,5.000000e-01,5.000000e-02,-1.099563e-01,-1.936729e-01,0.000000e+00
2.057714e-03,8.170000e-01,5.000000e-01,5.000000e-02,-1.091861e-01,-1.936039e-01,0.000000e+00
2.131509e-03,8.180000e-01,5.000000e-01,5.000000e-02,-1.084159e-01,-1.935350e-01,0.000000e+00
2.205299e-03,8.190000e-01,5.000000e-01,5.000000e-02,-1.076458e-01,-1.934660e-01,0.000000e+00
2.279090e-03,8.200000e-01,5.000000e-01,5.000000e-02,-1.068757e-01,-1.933970e-01,0.000000e+00
2.347482e-03,8.210000e-01,5.000000e-01,5.000000e-02,-1.060941e-01,-1.932653e-01,0.000000e+00
2.413425e-03,8.220000e-01,5.000000e-01,5.000000e-02,-1.053074e-01,-1.931050e-01,0.000000e+00
2.479363e-03,8.230000e-01,5.000000e-01,5.000000e-02,-1.045207e-01,-1.929447e-01,0.000000e+00
2.545302e-03,8.240000e-01,5.000000e-01,5.000000e-02,-1.037340e-01,-1.927844e-01,0.000000e+00
2.611241e-03,8.250000e-01,5.000000e-01,5.000000e-02,-1.029473e-01,-1.926242e-01,0.000000e+00
2.677179e-03,8.260000e-01,5.000000e-01,5.000000e-02,-1.021606e-01,-1.924639e-01,0.000000e+00
2.743122e-03,8.270000e-01,5.000000e-01,5.000000e-02,-1.013738e-01,-1.923036e-01,0.000000e+00
2.809061e-03,8.280000e-01,5.000000e-01,5.000000e-02,-1.005871e-01,-1.921433e-01,0.000000e+00
2.867732e-03,8.290000e-01,5.000000e-01,5.000000e-02,-9.978890e-02,-1.919015e-01,0.000000e+00
2.925366e-03,8.300000e-01,5.000000e-01,5.000000e-02,-9.898903e-02,-1.916481e-01,0.000000e+00
2.983000e-03,8.310000e-01,5.000000e-01,5.000000e-02,-9.818916e-02,-1.913947e-01,0.000000e+00
3.040637e-03,8.320000e-01,5.000000e-01,5.000000e-02,-9.738924e-02,-1.911413e-01,0.000000e+00
3.098271e-03,8.330000e-01,5.000000e-01,5.000000e-02,-9.658937e-02,-1.908879e-01,0.000000e+00
3.155905e-03,8.340000e-01,5.000000e-01,5.000000e-02,-9.578950e-02,-1.906345e-01,0.000000e+00
3.213539e-03,8.350000e-01,5.000000e-01,5.000000e-02,-9.498964e-02,-1.903811e-01,0.000000e+00
3.270633e-03,8.360000e-01,5.000000e-01,5.000000e-02,-9.418911e-02,-1.901218e-01,0.000000e+00
3.319574e-03,8.370000e-01,5.000000e-01,5.000000e-02,-9.337968e-02,-1.897739e-01,0.000000e+00
3.368515e-03,8.380000e-01,5.000000e-01,5.000000e-02,-9.257025e-02,-1.894261e-01,0.000000e+00
3.417456e-03,8.390000e-01,5.000000e-01,5.000000e-02,-9.176081e-02,-1.890783e-01,0.000000e+00
3.466397e-03,8.400000e-01,5.000000e-01,5.000000e-02,-9.095138e-02,-1.887305e-01,0.000000e+00
3.515341e-03,8.410000e-01,5.000000e-01,5.000000e-02,-9.014188e-02,-1.883827e-01,0.000000e+00
3.564282e-03,8.420000e-01,5.000000e-01,5.000000e-02,-8.933245e-02,-1.880349e-01,0.000000e+00
3.613223e-03,8.430000e-01,5.000000e-01,5.000000e-02,-8.852302e-02,-1.876871e-01,0.000000e+00
3.659912e-03,8.440000e-01,5.000000e-01,5.000000e-02,-8.771216e-02,-1.873155e-01,0.000000e+00
3.699846e-03,8.450000e-01,5.000000e-01,5.000000e-02,-8.689699e-02,-1.868725e-01,0.000000e+00
3.739778e-03,8.460000e-01,5.000000e-01,5.000000e-02,-8.608186e-02,-1.864295e-01,0.000000e+00
3.779710e-03,8.470000e-01,5.000000e-01,5.000000e-02,-8.526674e-02,-1.859866e-01,0.000000e+00
3.819641e-03,8.480000e-01,5.000000e-01,5.000000e-02,-8.445162e-02,-1.855436e-01,0.000000e+00
3.859573e-03,8.490000e-01,5.000000e-01,5.000000e-02,-8.363650e-02,-1.851006e-01,0.000000e+00
3.899507e-03,8.500000e-01,5.000000e-01,5.000000e-02,-8.282132e-02,-1.846576e-01,0.000000e+00
3.939439e-03,8.510000e-01,5.000000e-01,5.000000e-02,-8.200620e-02,-1.842147e-01,0.000000e+00
3.975322e-03,8.520000e-01,5.000000e-01,5.000000e-02,-8.119038e-02,-1.837300e-01,0.000000e+00
4.006000e-03,8.530000e-01,5.000000e-01,5.000000e-02,-8.037368e-02,-1.831916e-01,0.000000e+00
4.036678e-03,8.540000e-01,5.000000e-01,5.000000e-02,-7.955697e-02,-1.826532e-01,0.000000e+00
4.067359e-03,8.550000e-01,5.000000e-01,5.000000e-02,-7.874022e-02,-1.821149e-01,0.000000e+00
4.098037e-03,8.560000e-01,5.000000e-01,5.000000e-02,-7.792351e-02,-1.815765e-01,0.000000e+00
4.128715e-03,8.570000e-01,5.000000e-01,5.000000e-02,-7.710680e-02,-1.810381e-01,0.000000e+00
4.159394e-03,8.580000e-01,5.000000e-01,5.000000e-02,-7.629010e-02,-1.804998e-01,0.000000e+00
4.190074e-03,8.590000e-01,5.000000e-01,5.000000e-02,-7.547335e-02,-1.799614e-01,0.000000e+00
4.214864e-03,8.600000e-01,5.000000e-01,5.000000e-02,-7.465833e-02,-1.793636e-01,0.000000e+00
4.236121e-03,8.610000e-01,5.000000e-01,5.000000e-02,-7.384434e-02,-1.787302e-01,0.000000e+00
4.257378e-03,8.620000e-01,5.000000e-01,5.000000e-02,-7.303034e-02,-1.780968e-01,0.000000e+00
4.278635e-03,8.630000e-01,5.000000e-01,5.000000e-02,-7.221635e-02,-1.774634e-01,0.000000e+00
4.299893e-03,8.640000e-01,5.000000e-01,5.000000e-02,-7.140230e-02,-1.768300e-01,0.000000e+00
4.321150e-03,8.650000e-01,5.000000e-01,5.000000e-02,-7.058831e-02,-1.761966e-01,0.000000e+00
4.342407e-03,8.660000e-01,5.000000e-01,5.000000e-02,-6.977431e-02,-1.755632e-01,0.000000e+00
4.363664e-03,8.670000e-01,5.000000e-01,5.000000e-02,-6.896032e-02,-1.749298e-01,0.000000e+00
4.377195e-03,8.680000e-01,5.000000e-01,5.000000e-02,-6.815217e-02,-1.742198e-01,0.000000e+00
4.388943e-03,8.690000e-01,5.000000e-01,5.000000e-02,-6.734533e-02,-1.734921e-01,0.000000e+00
4.400691e-03,8.700000e-01,5.000000e-01,5.000000e-02,-6.653853e-02,-1.727644e-01,0.000000e+00
4.412439e-03,8.710000e-01,5.000000e-01,5.000000e-02,-6.573173e-02,-1.720367e-01,0.000000e+00
4.424186e-03,8.720000e-01,5.000000e-01,5.000000e-02,-6.492494e-02,-1.713091e-01,0.000000e+00
4.435935e-03,8.730000e-01,5.000000e-01,5.000000e-02,-6.411809e-02,-1.705813e-01,0.000000e+00
4.447682e-03,8.740000e-01,5.000000e-01,5.000000e-02,-6.331129e-02,-1.698537e-01,0.000000e+00
4.459430e-03,8.750000e-01,5.000000e-01,5.000000e-02,-6.250450e-02,-1.691260e-01,0.000000e+00
4.461657e-03,8.760000e-01,5.000000e-01,5.000000e-02,-6.170955e-02,-1.683056e-01,0.000000e+00
4.463885e-03,8.770000e-01,5.000000e-01,5.000000e-02,-6.091459e-02,-1.674851e-01,0.000000e+00
4.466112e-03,8.780000e-01,5.000000e-01,5.000000e-02,-6.011959e-02,-1.666646e-01,0.000000e+00
4.468339e-03,8.790000e-01,5.000000e-01,5.000000e-02,-5.932464e-02,-1.658442e-01,0.000000e+00
4.470566e-03,8.800000e-01,5.000000e-01,5.000000e-02,-5.852969e-02,-1.650238e-01,0.000000e+00
4.472793e-03,8.810000e-01,5.000000e-01,5.000000e-02,-5.773474e-02,-1.642033e-01,0.000000e+00
4.475020e-03,8.820000e-01,5.000000e-01,5.000000e-02,-5.693973e-02,-1.633828e-01,0.000000e+00
4.475474e-03,8.830000e-01,5.000000e-01,5.000000e-02,-5.614790e-02,-1.625454e-01,0.000000e+00
4.468246e-03,8.840000e-01,5.000000e-01,5.000000e-02,-5.536956e-02,-1.616344e-01,0.000000e+00
4.461018e-03,8.850000e-01,5.000000e-01,5.000000e-02,-5.459122e-02,-1.607233e-01,0.000000e+00
4.453790e-03,8.860000e-01,5.000000e-01,5.000000e-02,-5.381289e-02,-1.598122e-01,0.000000e+00
4.446562e-03,8.870000e-01,5.000000e-01,5.000000e-02,-5.303451e-02,-1.589011e-01,0.000000e+00
4.439334e-03,8.880000e-01,5.000000e-01,5.000000e-02,-5.225617e-02,-1.579901e-01,0.000000e+00
4.432106e-03,8.890000e-01,5.000000e-01,5.000000e-02,-5.147784e-02,-1.570790e-01,0.000000e+00
4.424878e-03,8.900000e-01,5.000000e-01,5.000000e-02,-5.069950e-02,-1.561679e-01,0.000000e+00
4.414157e-03,8.910000e-01,5.000000e-01,5.000000e-02,-4.992922e-02,-1.552239e-01,0.000000e+00
4.397611e-03,8.920000e-01,5.000000e-01,5.000000e-02,-4.917233e-02,-1.542247e-01,0.000000e+00
4.381067e-03,8.930000e-01,5.000000e-01,5.000000e-02,-4.841549e-02,-1.532256e-01,0.000000e+00
4.364523e-03,8.940000e-01,5.000000e-01,5.000000e-02,-4.765864e-02,-1.522264e-01,0.000000e+00
4.347979e-03,8.950000e-01,5.000000e-01,5.000000e-02,-4.690180e-02,-1.512273e-01,0.000000e+00
4.331434e-03,8.960000e-01,5.000000e-01,5.000000e-02,-4.614491e-02,-1.502281e-01,0.000000e+00
4.314890e-03,8.970000e-01,5.000000e-01,5.000000e-02,-4.538807e-02,-1.492290e-01,0.000000e+00
4.298346e-03,8.980000e-01,5.000000e-01,5.000000e-02,-4.463122e-02,-1.482299e-01,0.000000e+00
4.276678e-03,8.990000e-01,5.000000e-01,5.000000e-02,-4.388925e-02,-1.471830e-01,0.000000e+00
4.251025e-03,9.000000e-01,5.000000e-01,5.000000e-02,-4.315884e-02,-1.460990e-01,0.000000e+00
4.225370e-03,9.010000e-01,5.000000e-01,5.000000e-02,-4.242839e-02,-1.450149e-01,0.000000e+00
4.199718e-03,9.020000e-01,5.000000e-01,5.000000e-02,-4.169799e-02,-1.439309e-01,0.000000e+00
4.174065e-03,9.030000e-01,5.000000e-01,5.000000e-02,-4.096758e-02,-1.428469e-01,0.000000e+00
4.148412e-03,9.040000e-01,5.000000e-01,5.000000e-02,-4.023717e-02,-1.417628e-01,0.000000e+00
4.122760e-03,9.050000e-01,5.000000e-01,5.000000e-02,-3.950677e-02,-1.406788e-01,0.000000e+00
4.097105e-03,9.060000e-01,5.000000e-01,5.000000e-02,-3.877632e-02,-1.395947e-01,0.000000e+00
4.064824e-03,9.070000e-01,5.000000e-01,5.000000e-02,-3.806947e-02,-1.384499e-01,0.000000e+00
4.030332e-03,9.080000e-01,5.000000e-01,5.000000e-02,-3.737048e-02,-1.372848e-01,0.000000e+00
3.995841e-03,9.090000e-01,5.000000e-01,5.000000e-02,-3.667149e-02,-1.361197e-01,0.000000e+00
3.961348e-03,9.100000e-01,5.000000e-01,5.000000e-02,-3.597246e-02,-1.349545e-01,0.000000e+00
3.926857e-03,9.110000e-01,5.000000e-01,5.000000e-02,-3.527347e-02,-1.337894e-01,0.000000e+00
3.892366e-03,9.120000e-01,5.000000e-01,5.000000e-02,-3.457448e-02,-1.326243e-01,0.000000e+00
3.857875e-03,9.130000e-01,5.000000e-01,5.000000e-02,-3.387550e-02,-1.314592e-01,0.000000e+00
3.823384e-03,9.140000e-01,5.000000e-01,5.000000e-02,-3.317650e-02,-1.302941e-01,0.000000e+00
3.780910e-03,9.150000e-01,5.000000e-01,5.000000e-02,-3.251160e-02,-1.290569e-01,0.000000e+00
3.737906e-03,9.160000e-01,5.000000e-01,5.000000e-02,-3.184902e-02,-1.278150e-01,0.000000e+00
3.694902e-03,9.170000e-01,5.000000e-01,5.000000e-02,-3.118644e-02,-1.265730e-01,0.000000e+00
3.651898e-03,9.180000e-01,5.000000e-01,5.000000e-02,-3.052386e-02,-1.253311e-01,0.000000e+00
3.608892e-03,9.190000e-01,5.000000e-01,5.000000e-02,-2.986123e-02,-1.240891e-01,0.000000e+00
3.565888e-03,9.200000e-01,5.000000e-01,5.000000e-02,-2.919865e-02,-1.228471e-01,0.000000e+00
3.522884e-03,9.210000e-01,5.000000e-01,5.000000e-02,-2.853606e-02,-1.216052e-01,0.000000e+00
3.478862e-03,9.220000e-01,5.000000e-01,5.000000e-02,-2.787865e-02,-1.203543e-01,0.000000e+00
3.427716e-03,9.230000e-01,5.000000e-01,5.000000e-02,-2.725744e-02,-1.190402e-01,0.000000e+00
3.376568e-03,9.240000e-01,5.000000e-01,5.000000e-02,-2.663619e-02,-1.177261e-01,0.000000e+00
3.325422e-03,9.250000e-01,5.000000e-01,5.000000e-02,-2.601498e-02,-1.164121e-01,0.000000e+00
3.274277e-03,9.260000e-01,5.000000e-01,5.000000e-02,-2.539377e-02,-1.150981e-01,0.000000e+00
3.223131e-03,9.270000e-01,5.000000e-01,5.000000e-02,-2.477256e-02,-1.137840e-01,0.000000e+00
3.171986e-03,9.280000e-01,5.000000e-01,5.000000e-02,-2.415135e-02,-1.124700e-01,0.000000e+00
3.120837e-03,9.290000e-01,5.000000e-01,5.000000e-02,-2.353010e-02,-1.111559e-01,0.000000e+00
3.067274e-03,9.300000e-01,5.000000e-01,5.000000e-02,-2.292335e-02,-1.098209e-01,0.000000e+00
3.008393e-03,9.310000e-01,5.000000e-01,5.000000e-02,-2.234841e-02,-1.084400e-01,0.000000e+00
2.949512e-03,9.320000e-01,5.000000e-01,5.000000e-02,-2.177347e-02,-1.070591e-01,0.000000e+00
2.890627e-03,9.330000e-01,5.000000e-01,5.000000e-02,-2.119850e-02,-1.056780e-01,0.000000e+00
2.831746e-03,9.340000e-01,5.000000e-01,5.000000e-02,-2.062356e-02,-1.042971e-01,0.000000e+00
2.772865e-03,9.350000e-01,5.000000e-01,5.000000e-02,-2.004862e-02,-1.029161e-01,0.000000e+00
2.713983e-03,9.360000e-01,5.000000e-01,5.000000e-02,-1.947368e-02,-1.015352e-01,0.000000e+00
2.655102e-03,9.370000e-01,5.000000e-01,5.000000e-02,-1.889874e-02,-1.001543e-01,0.000000e+00
2.592563e-03,9.380000e-01,5.000000e-01,5.000000e-02,-1.834931e-02,-9.874257e-02,0.000000e+00
2.526372e-03,9.390000e-01,5.000000e-01,5.000000e-02,-1.782547e-02,-9.730032e-02,0.000000e+00
2.460182e-03,9.400000e-01,5.000000e-01,5.000000e-02,-1.730164e-02,-9.585807e-02,0.000000e+00
2.393991e-03,9.410000e-01,5.000000e-01,5.000000e-02,-1.677780e-02,-9.441581e-02,0.000000e+00
2.327801e-03,9.420000e-01,5.000000e-01,5.000000e-02,-1.625396e-02,-9.297355e-02,0.000000e+00
2.261606e-03,9.430000e-01,5.000000e-01,5.000000e-02,-1.573008e-02,-9.153121e-02,0.000000e+00
2.195416e-03,9.440000e-01,5.000000e-01,5.000000e-02,-1.520625e-02,-9.008896e-02,0.000000e+00
2.129225e-03,9.450000e-01,5.000000e-01,5.000000e-02,-1.468241e-02,-8.864670e-02,0.000000e+00
2.058311e-03,9.460000e-01,5.000000e-01,5.000000e-02,-1.419694e-02,-8.716635e-02,0.000000e+00
1.985246e-03,9.470000e-01,5.000000e-01,5.000000e-02,-1.372888e-02,-8.566861e-02,0.000000e+00
1.912185e-03,9.480000e-01,5.000000e-01,5.000000e-02,-1.326085e-02,-8.417095e-02,0.000000e+00
1.839123e-03,9.490000e-01,5.000000e-01,5.000000e-02,-1.279282e-02,-8.267330e-02,0.000000e+00
1.766062e-03,9.500000e-01,5.000000e-01,5.000000e-02,-1.232479e-02,-8.117564e-02,0.000000e+00
1.693001e-03,9.510000e-01,5.000000e-01,5.000000e-02,-1.185676e-02,-7.967798e-02,0.000000e+00
1.619936e-03,9.520000e-01,5.000000e-01,5.000000e-02,-1.138871e-02,-7.818023e-02,0.000000e+00
1.546875e-03,9.530000e-01,5.000000e-01,5.000000e-02,-1.092068e-02,-7.668258e-02,0.000000e+00
1.468236e-03,9.540000e-01,5.000000e-01,5.000000e-02,-1.050548e-02,-7.514187e-02,0.000000e+00
1.388800e-03,9.550000e-01,5.000000e-01,5.000000e-02,-1.009784e-02,-7.359501e-02,0.000000e+00
1.309365e-03,9.560000e-01,5.000000e-01,5.000000e-02,-9.690189e-03,-7.204816e-02,0.000000e+00
1.229924e-03,9.570000e-01,5.000000e-01,5.000000e-02,-9.282519e-03,-7.050121e-02,0.000000e+00
1.150489e-03,9.580000e-01,5.000000e-01,5.000000e-02,-8.874873e-03,-6.895435e-02,0.000000e+00
1.071053e-03,9.590000e-01,5.000000e-01,5.000000e-02,-8.467226e-03,-6.740749e-02,0.000000e+00
9.916176e-04,9.600000e-01,5.000000e-01,5.000000e-02,-8.059580e-03,-6.586064e-02,0.000000e+00
9.118128e-04,9.610000e-01,5.000000e-01,5.000000e-02,-7.655958e-03,-6.431101e-02,0.000000e+00
8.265481e-04,9.620000e-01,5.000000e-01,5.000000e-02,-7.313062e-03,-6.272136e-02,0.000000e+00
7.412836e-04,9.630000e-01,5.000000e-01,5.000000e-02,-6.970165e-03,-6.113170e-02,0.000000e+00
6.560190e-04,9.640000e-01,5.000000e-01,5.000000e-02,-6.627269e-03,-5.954205e-02,0.000000e+00
5.707545e-04,9.650000e-01,5.000000e-01,5.000000e-02,-6.284372e-03,-5.795239e-02,0.000000e+00
4.854848e-04,9.660000e-01,5.000000e-01,5.000000e-02,-5.941455e-03,-5.636265e-02,0.000000e+00
4.002202e-04,9.670000e-01,5.000000e-01,5.000000e-02,-5.598559e-03,-5.477299e-02,0.000000e+00
3.149556e-04,9.680000e-01,5.000000e-01,5.000000e-02,-5.255662e-03,-5.318334e-02,0.000000e+00
2.281671e-04,9.690000e-01,5.000000e-01,5.000000e-02,-4.930028e-03,-5.158462e-02,0.000000e+00
1.368010e-04,9.700000e-01,5.000000e-01,5.000000e-02,-4.656168e-03,-4.995862e-02,0.000000e+00
4.544024e-05,9.710000e-01,5.000000e-01,5.000000e-02,-4.382323e-03,-4.833271e-02,0.000000e+00
-4.592047e-05,9.720000e-01,5.000000e-01,5.000000e-02,-4.108479e-03,-4.670681e-02,0.000000e+00
-1.372812e-04,9.730000e-01,5.000000e-01,5.000000e-02,-3.834635e-03,-4.508090e-02,0.000000e+00
-2.286419e-04,9.740000e-01,5.000000e-01,5.000000e-02,-3.560791e-03,-4.345500e-02,0.000000e+00
-3.200081e-04,9.750000e-01,5.000000e-01,5.000000e-02,-3.286930e-03,-4.182900e-02,0.000000e+00
-4.113688e-04,9.760000e-01,5.000000e-01,5.000000e-02,-3.013086e-03,-4.020309e-02,0.000000e+00
-5.064557e-04,9.770000e-01,5.000000e-01,5.000000e-02,-2.771791e-03,-3.856422e-02,0.000000e+00
-6.063334e-04,9.780000e-01,5.000000e-01,5.000000e-02,-2.572342e-03,-3.690869e-02,0.000000e+00
-7.062110e-04,9.790000e-01,5.000000e-01,5.000000e-02,-2.372894e-03,-3.525316e-02,0.000000e+00
-8.060947e-04,9.800000e-01,5.000000e-01,5.000000e-02,-2.173434e-03,-3.359753e-02,0.000000e+00
-9.059724e-04,9.810000e-01,5.000000e-01,5.000000e-02,-1.973985e-03,-3.194200e-02,0.000000e+00
-1.005850e-03,9.820000e-01,5.000000e-01,5.000000e-02,-1.774537e-03,-3.028647e-02,0.000000e+00
-1.105728e-03,9.830000e-01,5.000000e-01,5.000000e-02,-1.575088e-03,-2.863094e-02,0.000000e+00
-1.205611e-03,9.840000e-01,5.000000e-01,5.000000e-02,-1.375628e-03,-2.697531e-02,0.000000e+00
-1.306435e-03,9.850000e-01,5.000000e-01,5.000000e-02,-1.225397e-03,-2.530546e-02,0.000000e+00
-1.407826e-03,9.860000e-01,5.000000e-01,5.000000e-02,-1.104693e-03,-2.362701e-02,0.000000e+00
-1.509218e-03,9.870000e-01,5.000000e-01,5.000000e-02,-9.839897e-04,-2.194856e-02,0.000000e+00
-1.610609e-03,9.880000e-01,5.000000e-01,5.000000e-02,-8.632860e-04,-2.027011e-02,0.000000e+00
-1.712006e-03,9.890000e-01,5.000000e-01,5.000000e-02,-7.425752e-04,-1.859156e-02,0.000000e+00
-1.813397e-03,9.900000e-01,5.000000e-01,5.000000e-02,-6.218715e-04,-1.691311e-02,0.000000e+00
-1.914789e-03,9.910000e-01,5.000000e-01,5.000000e-02,-5.011678e-04,-1.523467e-02,0.000000e+00
-2.016180e-03,9.920000e-01,5.000000e-01,5.000000e-02,-3.804642e-04,-1.355622e-02,0.000000e+00
-2.074884e-03,9.930000e-01,5.000000e-01,5.000000e-02,-3.206170e-04,-1.186441e-02,0.000000e+00
-2.123740e-03,9.940000e-01,5.000000e-01,5.000000e-02,-2.748126e-04,-1.016943e-02,0.000000e+00
-2.172593e-03,9.950000e-01,5.000000e-01,5.000000e-02,-2.290110e-04,-8.474537e-03,0.000000e+00
-2.221446e-03,9.960000e-01,5.000000e-01,5.000000e-02,-1.832093e-04,-6.779650e-03,0.000000e+00
-2.270299e-03,9.970000e-01,5.000000e-01,5.000000e-02,-1.374077e-04,-5.084763e-03,0.000000e+00
-2.319154e-03,9.980000e-01,5.000000e-01,5.000000e-02,-9.160330e-05,-3.389775e-03,0.000000e+00
-2.368007e-03,9.990000e-01,5.000000e-01,5.000000e-02,-4.580165e-05,-1.694887e-03,0.000000e+00
-2.416860e-03,1.000000e+00,5.000000e-01,5.000000e-02,0.000000e+00,0.000000e+00,0.000000e+00
