p,Points_0,Points_1,Points_2,U_0,U_1,U_2
2.523340e-03,5.000000e-01,0.000000e+00,5.000000e-02,0.000000e+00,0.000000e+00,0.000000e+00
2.524127e-03,5.000000e-01,1.000000e-03,5.000000e-02,-6.122506e-04,8.496754e-07,0.000000e+00
2.524914e-03,5.000000e-01,2.000000e-03,5.000000e-02,-1.224501e-03,1.699351e-06,0.000000e+00
2.525701e-03,5.000000e-01,3.000000e-03,5.000000e-02,-1.836752e-03,2.549026e-06,0.000000e+00
2.526487e-03,5.000000e-01,4.000000e-03,5.000000e-02,-2.449002e-03,3.398702e-06,0.000000e+00
2.527274e-03,5.000000e-01,5.000000e-03,5.000000e-02,-3.061253e-03,4.248377e-06,0.000000e+00
2.528061e-03,5.000000e-01,6.000000e-03,5.000000e-02,-3.673503e-03,5.098052e-06,0.000000e+00
2.528848e-03,5.000000e-01,7.000000e-03,5.000000e-02,-4.285754e-03,5.947728e-06,0.000000e+00
2.529778e-03,5.000000e-01,8.000000e-03,5.000000e-02,-4.893877e-03,7.028265e-06,0.000000e+00
2.531325e-03,5.000000e-01,9.000000e-03,5.000000e-02,-5.484112e-03,9.109197e-06,0.000000e+00
2.532873e-03,5.000000e-01,1.000000e-02,5.000000e-02,-6.074348e-03,1.119013e-05,0.000000e+00
2.534420e-03,5.000000e-01,1.100000e-02,5.000000e-02,-6.664583e-03,1.327106e-05,0.000000e+00
2.535968e-03,5.000000e-01,1.200000e-02,5.000000e-02,-7.254818e-03,1.535200e-05,0.000000e+00
2.537515e-03,5.000000e-01,1.300000e-02,5.000000e-02,-7.845054e-03,1.743293e-05,0.000000e+00
2.539063e-03,5.000000e-01,1.400000e-02,5.000000e-02,-8.435289e-03,1.951387e-05,0.000000e+00
2.540610e-03,5.000000e-01,1.500000e-02,5.000000e-02,-9.025524e-03,2.159480e-05,0.000000e+00
2.542074e-03,5.000000e-01,1.600000e-02,5.000000e-02,-9.608111e-03,2.411490e-05,0.000000e+00
2.543398e-03,5.000000e-01,1.700000e-02,5.000000e-02,-1.017795e-02,2.736693e-05,0.000000e+00
2.544722e-03,5.000000e-01,1.800000e-02,5.000000e-02,-1.074778e-02,3.061895e-05,0.000000e+00
2.546045e-03,5.000000e-01,1.900000e-02,5.000000e-02,-1.131762e-02,3.387099e-05,0.000000e+00
2.547369e-03,5.000000e-01,2.000000e-02,5.000000e-02,-1.188746e-02,3.712302e-05,0.000000e+00
2.548693e-03,5.000000e-01,2.100000e-02,5.000000e-02,-1.245730e-02,4.037505e-05,0.000000e+00
2.550017e-03,5.000000e-01,2.200000e-02,5.000000e-02,-1.302713e-02,4.362708e-05,0.000000e+00
2.551341e-03,5.000000e-01,2.300000e-02,5.000000e-02,-1.359697e-02,4.687911e-05,0.000000e+00
2.552462e-03,5.000000e-01,2.400000e-02,5.000000e-02,-1.415621e-02,5.069359e-05,0.000000e+00
2.553426e-03,5.000000e-01,2.500000e-02,5.000000e-02,-1.470721e-02,5.494552e-05,0.000000e+00
2.554391e-03,5.000000e-01,2.600000e-02,5.000000e-02,-1.525822e-02,5.919745e-05,0.000000e+00
2.555355e-03,5.000000e-01,2.700000e-02,5.000000e-02,-1.580922e-02,6.344938e-05,0.000000e+00
2.556319e-03,5.000000e-01,2.800000e-02,5.000000e-02,-1.636022e-02,6.770132e-05,0.000000e+00
2.557283e-03,5.000000e-01,2.900000e-02,5.000000e-02,-1.691122e-02,7.195325e-05,0.000000e+00
2.558247e-03,5.000000e-01,3.000000e-02,5.000000e-02,-1.746222e-02,7.620518e-05,0.000000e+00
2.559212e-03,5.000000e-01,3.100000e-02,5.000000e-02,-1.801322e-02,8.045711e-05,0.000000e+00
2.559937e-03,5.000000e-01,3.200000e-02,5.000000e-02,-1.855119e-02,8.533891e-05,0.000000e+00
2.560582e-03,5.000000e-01,3.300000e-02,5.000000e-02,-1.908480e-02,9.043064e-05,0.000000e+00
2.561227e-03,5.000000e-01,3.400000e-02,5.000000e-02,-1.961842e-02,9.552239e-05,0.000000e+00
2.561873e-03,5.000000e-01,3.500000e-02,5.000000e-02,-2.015203e-02,1.006141e-04,0.000000e+00
2.562518e-03,5.000000e-01,3.600000e-02,5.000000e-02,-2.068565e-02,1.057059e-04,0.000000e+00
2.563164e-03,5.000000e-01,3.700000e-02,5.000000e-02,-2.121927e-02,1.107976e-04,0.000000e+00
2.563809e-03,5.000000e-01,3.800000e-02,5.000000e-02,-2.175288e-02,1.158893e-04,0.000000e+00
2.564455e-03,5.000000e-01,3.900000e-02,5.000000e-02,-2.228650e-02,1.209811e-04,0.000000e+00
2.564796e-03,5.000000e-01,4.000000e-02,5.000000e-02,-2.280508e-02,1.267577e-04,0.000000e+00
2.565116e-03,5.000000e-01,4.100000e-02,5.000000e-02,-2.332267e-02,1.325800e-04,0.000000e+00
2.565437e-03,5.000000e-01,4.200000e-02,5.000000e-02,-2.384025e-02,1.384023e-04,0.000000e+00
2.565758e-03,5.000000e-01,4.300000e-02,5.000000e-02,-2.435784e-02,1.442246e-04,0.000000e+00
2.566078e-03,5.000000e-01,4.400000e-02,5.000000e-02,-2.487542e-02,1.500468e-04,0.000000e+00
2.566399e-03,5.000000e-01,4.500000e-02,5.000000e-02,-2.539301e-02,1.558691e-04,0.000000e+00
2.566719e-03,5.000000e-01,4.600000e-02,5.000000e-02,-2.591059e-02,1.616914e-04,0.000000e+00
2.566996e-03,5.000000e-01,4.700000e-02,5.000000e-02,-2.642633e-02,1.675949e-04,0.000000e+00
2.566966e-03,5.000000e-01,4.800000e-02,5.000000e-02,-2.692915e-02,1.740672e-04,0.000000e+00
2.566935e-03,5.000000e-01,4.900000e-02,5.000000e-02,-2.743198e-02,1.805395e-04,0.000000e+00
2.566904e-03,5.000000e-01,5.000000e-02,5.000000e-02,-2.793480e-02,1.870118e-04,0.000000e+00
2.566873e-03,5.000000e-01,5.100000e-02,5.000000e-02,-2.843763e-02,1.934840e-04,0.000000e+00
2.566843e-03,5.000000e-01,5.200000e-02,5.000000e-02,-2.894046e-02,1.999563e-04,0.000000e+00
2.566812e-03,5.000000e-01,5.300000e-02,5.000000e-02,-2.944328e-02,2.064286e-04,0.000000e+00
2.566781e-03,5.000000e-01,5.400000e-02,5.000000e-02,-2.994611e-02,2.129008e-04,0.000000e+00
2.566631e-03,5.000000e-01,5.500000e-02,5.000000e-02,-3.044469e-02,2.195587e-04,0.000000e+00
2.566218e-03,5.000000e-01,5.600000e-02,5.000000e-02,-3.093396e-02,2.266248e-04,0.000000e+00
2.565805e-03,5.000000e-01,5.700000e-02,5.000000e-02,-3.142323e-02,2.336909e-04,0.000000e+00
2.565392e-03,5.000000e-01,5.800000e-02,5.000000e-02,-3.191250e-02,2.407570e-04,0.000000e+00
2.564978e-03,5.000000e-01,5.900000e-02,5.000000e-02,-3.240177e-02,2.478231e-04,0.000000e+00
2.564565e-03,5.000000e-01,6.000000e-02,5.000000e-02,-3.289103e-02,2.548892e-04,0.000000e+00
2.564152e-03,5.000000e-01,6.100000e-02,5.000000e-02,-3.338030e-02,2.619553e-04,0.000000e+00
2.563739e-03,5.000000e-01,6.200000e-02,5.000000e-02,-3.386957e-02,2.690215e-04,0.000000e+00
2.563117e-03,5.000000e-01,6.300000e-02,5.000000e-02,-3.435262e-02,2.763685e-04,0.000000e+00
2.562287e-03,5.000000e-01,6.400000e-02,5.000000e-02,-3.482945e-02,2.839965e-04,0.000000e+00
2.561457e-03,5.000000e-01,6.500000e-02,5.000000e-02,-3.530627e-02,2.916243e-04,0.000000e+00
2.560627e-03,5.000000e-01,6.600000e-02,5.000000e-02,-3.578310e-02,2.992523e-04,0.000000e+00
2.559797e-03,5.000000e-01,6.700000e-02,5.000000e-02,-3.625993e-02,3.068802e-04,0.000000e+00
2.558967e-03,5.000000e-01,6.800000e-02,5.000000e-02,-3.673676e-02,3.145082e-04,0.000000e+00
2.558137e-03,5.000000e-01,6.900000e-02,5.000000e-02,-3.721359e-02,3.221361e-04,0.000000e+00
2.557307e-03,5.000000e-01,7.000000e-02,5.000000e-02,-3.769042e-02,3.297640e-04,0.000000e+00
2.556163e-03,5.000000e-01,7.100000e-02,5.000000e-02,-3.815942e-02,3.377723e-04,0.000000e+00
2.554876e-03,5.000000e-01,7.200000e-02,5.000000e-02,-3.862487e-02,3.459534e-04,0.000000e+00
2.553589e-03,5.000000e-01,7.300000e-02,5.000000e-02,-3.909031e-02,3.541345e-04,0.000000e+00
2.552303e-03,5.000000e-01,7.400000e-02,5.000000e-02,-3.955576e-02,3.623157e-04,0.000000e+00
2.551016e-03,5.000000e-01,7.500000e-02,5.000000e-02,-4.002121e-02,3.704968e-04,0.000000e+00
2.549729e-03,5.000000e-01,7.600000e-02,5.000000e-02,-4.048665e-02,3.786779e-04,0.000000e+00
2.548442e-03,5.000000e-01,7.700000e-02,5.000000e-02,-4.095210e-02,3.868590e-04,0.000000e+00
2.547156e-03,5.000000e-01,7.800000e-02,5.000000e-02,-4.141754e-02,3.950401e-04,0.000000e+00
2.545431e-03,5.000000e-01,7.900000e-02,5.000000e-02,-4.187389e-02,4.037173e-04,0.000000e+00
2.543644e-03,5.000000e-01,8.000000e-02,5.000000e-02,-4.232894e-02,4.124652e-04,0.000000e+00
2.541857e-03,5.000000e-01,8.100000e-02,5.000000e-02,-4.278398e-02,4.212133e-04,0.000000e+00
2.540070e-03,5.000000e-01,8.200000e-02,5.000000e-02,-4.323903e-02,4.299613e-04,0.000000e+00
2.538282e-03,5.000000e-01,8.300000e-02,5.000000e-02,-4.369407e-02,4.387092e-04,0.000000e+00
2.536495e-03,5.000000e-01,8.400000e-02,5.000000e-02,-4.414912e-02,4.474572e-04,0.000000e+00
2.534708e-03,5.000000e-01,8.500000e-02,5.000000e-02,-4.460417e-02,4.562053e-04,0.000000e+00
2.532887e-03,5.000000e-01,8.600000e-02,5.000000e-02,-4.505862e-02,4.649909e-04,0.000000e+00
2.530551e-03,5.000000e-01,8.700000e-02,5.000000e-02,-4.550419e-02,4.743409e-04,0.000000e+00
2.528216e-03,5.000000e-01,8.800000e-02,5.000000e-02,-4.594976e-02,4.836910e-04,0.000000e+00
2.525880e-03,5.000000e-01,8.900000e-02,5.000000e-02,-4.639534e-02,4.930411e-04,0.000000e+00
2.523545e-03,5.000000e-01,9.000000e-02,5.000000e-02,-4.684091e-02,5.023911e-04,0.000000e+00
2.521210e-03,5.000000e-01,9.100000e-02,5.000000e-02,-4.728648e-02,5.117411e-04,0.000000e+00
2.518874e-03,5.000000e-01,9.200000e-02,5.000000e-02,-4.773205e-02,5.210912e-04,0.000000e+00
2.516539e-03,5.000000e-01,9.300000e-02,5.000000e-02,-4.817762e-02,5.304412e-04,0.000000e+00
2.514054e-03,5.000000e-01,9.400000e-02,5.000000e-02,-4.862104e-02,5.399557e-04,0.000000e+00
2.511118e-03,5.000000e-01,9.500000e-02,5.000000e-02,-4.905800e-02,5.499637e-04,0.000000e+00
2.508182e-03,5.000000e-01,9.600000e-02,5.000000e-02,-4.949496e-02,5.599717e-04,0.000000e+00
2.505247e-03,5.000000e-01,9.700000e-02,5.000000e-02,-4.993192e-02,5.699798e-04,0.000000e+00
2.502311e-03,5.000000e-01,9.800000e-02,5.000000e-02,-5.036888e-02,5.799877e-04,0.000000e+00
2.499375e-03,5.000000e-01,9.900000e-02,5.000000e-02,-5.080584e-02,5.899958e-04,0.000000e+00
2.496439e-03,5.000000e-01,1.000000e-01,5.000000e-02,-5.124280e-02,6.000038e-04,0.000000e+00
2.493504e-03,5.000000e-01,1.010000e-01,5.000000e-02,-5.167976e-02,6.100118e-04,0.000000e+00
2.490281e-03,5.000000e-01,1.020000e-01,5.000000e-02,-5.211330e-02,6.203407e-04,0.000000e+00
2.486690e-03,5.000000e-01,1.030000e-01,5.000000e-02,-5.254245e-02,6.310823e-04,0.000000e+00
2.483099e-03,5.000000e-01,1.040000e-01,5.000000e-02,-5.297159e-02,6.418240e-04,0.000000e+00
2.479508e-03,5.000000e-01,1.050000e-01,5.000000e-02,-5.340074e-02,6.525656e-04,0.000000e+00
2.475917e-03,5.000000e-01,1.060000e-01,5.000000e-02,-5.382988e-02,6.633072e-04,0.000000e+00
2.472326e-03,5.000000e-01,1.070000e-01,5.000000e-02,-5.425903e-02,6.740488e-04,0.000000e+00
2.468735e-03,5.000000e-01,1.080000e-01,5.000000e-02,-5.468817e-02,6.847905e-04,0.000000e+00
2.465144e-03,5.000000e-01,1.090000e-01,5.000000e-02,-5.511732e-02,6.955321e-04,0.000000e+00
2.461107e-03,5.000000e-01,1.100000e-01,5.000000e-02,-5.554205e-02,7.067916e-04,0.000000e+00
2.456802e-03,5.000000e-01,1.110000e-01,5.000000e-02,-5.596413e-02,7.183618e-04,0.000000e+00
2.452497e-03,5.000000e-01,1.120000e-01,5.000000e-02,-5.638622e-02,7.299320e-04,0.000000e+00
2.448192e-03,5.000000e-01,1.130000e-01,5.000000e-02,-5.680830e-02,7.415021e-04,0.000000e+00
2.443887e-03,5.000000e-01,1.140000e-01,5.000000e-02,-5.723038e-02,7.530723e-04,0.000000e+00
2.439582e-03,5.000000e-01,1.150000e-01,5.000000e-02,-5.765247e-02,7.646425e-04,0.000000e+00
2.435277e-03,5.000000e-01,1.160000e-01,5.000000e-02,-5.807455e-02,7.762126e-04,0.000000e+00
2.430972e-03,5.000000e-01,1.170000e-01,5.000000e-02,-5.849664e-02,7.877828e-04,0.000000e+00
2.426036e-03,5.000000e-01,1.180000e-01,5.000000e-02,-5.891354e-02,8.001184e-04,0.000000e+00
2.420954e-03,5.000000e-01,1.190000e-01,5.000000e-02,-5.932925e-02,8.126306e-04,0.000000e+00
2.415872e-03,5.000000e-01,1.200000e-01,5.000000e-02,-5.974497e-02,8.251427e-04,0.000000e+00
2.410790e-03,5.000000e-01,1.210000e-01,5.000000e-02,-6.016068e-02,8.376550e-04,0.000000e+00
2.405708e-03,5.000000e-01,1.220000e-01,5.000000e-02,-6.057639e-02,8.501672e-04,0.000000e+00
2.400626e-03,5.000000e-01,1.230000e-01,5.000000e-02,-6.099210e-02,8.626794e-04,0.000000e+00
2.395544e-03,5.000000e-01,1.240000e-01,5.000000e-02,-6.140781e-02,8.751915e-04,0.000000e+00
2.390462e-03,5.000000e-01,1.250000e-01,5.000000e-02,-6.182352e-02,8.877037e-04,0.000000e+00
2.384537e-03,5.000000e-01,1.260000e-01,5.000000e-02,-6.223350e-02,9.012890e-04,0.000000e+00
2.378612e-03,5.000000e-01,1.270000e-01,5.000000e-02,-6.264347e-02,9.148743e-04,0.000000e+00
2.372687e-03,5.000000e-01,1.280000e-01,5.000000e-02,-6.305344e-02,9.284595e-04,0.000000e+00
2.366762e-03,5.000000e-01,1.290000e-01,5.000000e-02,-6.346340e-02,9.420445e-04,0.000000e+00
2.360837e-03,5.000000e-01,1.300000e-01,5.000000e-02,-6.387338e-02,9.556298e-04,0.000000e+00
2.354912e-03,5.000000e-01,1.310000e-01,5.000000e-02,-6.428335e-02,9.692151e-04,0.000000e+00
2.348987e-03,5.000000e-01,1.320000e-01,5.000000e-02,-6.469332e-02,9.828003e-04,0.000000e+00
2.342890e-03,5.000000e-01,1.330000e-01,5.000000e-02,-6.510233e-02,9.966146e-04,0.000000e+00
2.336052e-03,5.000000e-01,1.340000e-01,5.000000e-02,-6.550714e-02,1.011421e-03,0.000000e+00
2.329214e-03,5.000000e-01,1.350000e-01,5.000000e-02,-6.591196e-02,1.026228e-03,0.000000e+00
2.322375e-03,5.000000e-01,1.360000e-01,5.000000e-02,-6.631677e-02,1.041035e-03,0.000000e+00
2.315537e-03,5.000000e-01,1.370000e-01,5.000000e-02,-6.672157e-02,1.055841e-03,0.000000e+00
2.308698e-03,5.000000e-01,1.380000e-01,5.000000e-02,-6.712639e-02,1.070648e-03,0.000000e+00
2.301860e-03,5.000000e-01,1.390000e-01,5.000000e-02,-6.753121e-02,1.085455e-03,0.000000e+00
2.295022e-03,5.000000e-01,1.400000e-01,5.000000e-02,-6.793602e-02,1.100262e-03,0.000000e+00
2.287813e-03,5.000000e-01,1.410000e-01,5.000000e-02,-6.833909e-02,1.115588e-03,0.000000e+00
2.279989e-03,5.000000e-01,1.420000e-01,5.000000e-02,-6.873928e-02,1.131782e-03,0.000000e+00
2.272164e-03,5.000000e-01,1.430000e-01,5.000000e-02,-6.913947e-02,1.147975e-03,0.000000e+00
2.264339e-03,5.000000e-01,1.440000e-01,5.000000e-02,-6.953965e-02,1.164169e-03,0.000000e+00
2.256515e-03,5.000000e-01,1.450000e-01,5.000000e-02,-6.993984e-02,1.180362e-03,0.000000e+00
2.248690e-03,5.000000e-01,1.460000e-01,5.000000e-02,-7.034002e-02,1.196556e-03,0.000000e+00
2.240865e-03,5.000000e-01,1.470000e-01,5.000000e-02,-7.074021e-02,1.212749e-03,0.000000e+00
2.233041e-03,5.000000e-01,1.480000e-01,5.000000e-02,-7.114039e-02,1.228943e-03,0.000000e+00
2.224618e-03,5.000000e-01,1.490000e-01,5.000000e-02,-7.153825e-02,1.246018e-03,0.000000e+00
2.215729e-03,5.000000e-01,1.500000e-01,5.000000e-02,-7.193429e-02,1.263779e-03,0.000000e+00
2.206841e-03,5.000000e-01,1.510000e-01,5.000000e-02,-7.233032e-02,1.281540e-03,0.000000e+00
2.197953e-03,5.000000e-01,1.520000e-01,5.000000e-02,-7.272636e-02,1.299301e-03,0.000000e+00
2.189065e-03,5.000000e-01,1.530000e-01,5.000000e-02,-7.312240e-02,1.317063e-03,0.000000e+00
2.180176e-03,5.000000e-01,1.540000e-01,5.000000e-02,-7.351844e-02,1.334824e-03,0.000000e+00
2.171288e-03,5.000000e-01,1.550000e-01,5.000000e-02,-7.391448e-02,1.352585e-03,0.000000e+00
2.162400e-03,5.000000e-01,1.560000e-01,5.000000e-02,-7.431052e-02,1.370346e-03,0.000000e+00
2.152652e-03,5.000000e-01,1.570000e-01,5.000000e-02,-7.470377e-02,1.389431e-03,0.000000e+00
2.142619e-03,5.000000e-01,1.580000e-01,5.000000e-02,-7.509609e-02,1.408956e-03,0.000000e+00
2.132586e-03,5.000000e-01,1.590000e-01,5.000000e-02,-7.548840e-02,1.428481e-03,0.000000e+00
2.122553e-03,5.000000e-01,1.600000e-01,5.000000e-02,-7.588073e-02,1.448007e-03,0.000000e+00
2.112519e-03,5.000000e-01,1.610000e-01,5.000000e-02,-7.627305e-02,1.467532e-03,0.000000e+00
2.102486e-03,5.000000e-01,1.620000e-01,5.000000e-02,-7.666536e-02,1.487058e-03,0.000000e+00
2.092453e-03,5.000000e-01,1.630000e-01,5.000000e-02,-7.705769e-02,1.506583e-03,0.000000e+00
2.082420e-03,5.000000e-01,1.640000e-01,5.000000e-02,-7.745001e-02,1.526108e-03,0.000000e+00
2.071234e-03,5.000000e-01,1.650000e-01,5.000000e-02,-7.783919e-02,1.547486e-03,0.000000e+00
2.059972e-03,5.000000e-01,1.660000e-01,5.000000e-02,-7.822815e-02,1.568987e-03,0.000000e+00
2.048710e-03,5.000000e-01,1.670000e-01,5.000000e-02,-7.861713e-02,1.590489e-03,0.000000e+00
2.037448e-03,5.000000e-01,1.680000e-01,5.000000e-02,-7.900609e-02,1.611990e-03,0.000000e+00
2.026186e-03,5.000000e-01,1.690000e-01,5.000000e-02,-7.939506e-02,1.633491e-03,0.000000e+00
2.014924e-03,5.000000e-01,1.700000e-01,5.000000e-02,-7.978404e-02,1.654993e-03,0.000000e+00
2.003662e-03,5.000000e-01,1.710000e-01,5.000000e-02,-8.017300e-02,1.676494e-03,0.000000e+00
1.992235e-03,5.000000e-01,1.720000e-01,5.000000e-02,-8.056159e-02,1.698270e-03,0.000000e+00
1.979655e-03,5.000000e-01,1.730000e-01,5.000000e-02,-8.094754e-02,1.721973e-03,0.000000e+00
1.967075e-03,5.000000e-01,1.740000e-01,5.000000e-02,-8.133349e-02,1.745676e-03,0.000000e+00
1.954495e-03,5.000000e-01,1.750000e-01,5.000000e-02,-8.171944e-02,1.769378e-03,0.000000e+00
1.941914e-03,5.000000e-01,1.760000e-01,5.000000e-02,-8.210538e-02,1.793081e-03,0.000000e+00
1.929334e-03,5.000000e-01,1.770000e-01,5.000000e-02,-8.249134e-02,1.816784e-03,0.000000e+00
1.916754e-03,5.000000e-01,1.780000e-01,5.000000e-02,-8.287729e-02,1.840487e-03,0.000000e+00
1.904174e-03,5.000000e-01,1.790000e-01,5.000000e-02,-8.326323e-02,1.864190e-03,0.000000e+00
1.891153e-03,5.000000e-01,1.800000e-01,5.000000e-02,-8.364832e-02,1.888655e-03,0.000000e+00
1.877162e-03,5.000000e-01,1.810000e-01,5.000000e-02,-8.403151e-02,1.914798e-03,0.000000e+00
1.863171e-03,5.000000e-01,1.820000e-01,5.000000e-02,-8.441471e-02,1.940941e-03,0.000000e+00
1.849181e-03,5.000000e-01,1.830000e-01,5.000000e-02,-8.479791e-02,1.967085e-03,0.000000e+00
1.835190e-03,5.000000e-01,1.840000e-01,5.000000e-02,-8.518111e-02,1.993228e-03,0.000000e+00
1.821199e-03,5.000000e-01,1.850000e-01,5.000000e-02,-8.556431e-02,2.019372e-03,0.000000e+00
1.807209e-03,5.000000e-01,1.860000e-01,5.000000e-02,-8.594751e-02,2.045515e-03,0.000000e+00
1.793218e-03,5.000000e-01,1.870000e-01,5.000000e-02,-8.633070e-02,2.071658e-03,0.000000e+00
1.778474e-03,5.000000e-01,1.880000e-01,5.000000e-02,-8.671262e-02,2.099148e-03,0.000000e+00
1.762976e-03,5.000000e-01,1.890000e-01,5.000000e-02,-8.709328e-02,2.127984e-03,0.000000e+00
1.747478e-03,5.000000e-01,1.900000e-01,5.000000e-02,-8.747394e-02,2.156820e-03,0.000000e+00
1.731980e-03,5.000000e-01,1.910000e-01,5.000000e-02,-8.785459e-02,2.185656e-03,0.000000e+00
1.716482e-03,5.000000e-01,1.920000e-01,5.000000e-02,-8.823525e-02,2.214493e-03,0.000000e+00
1.700984e-03,5.000000e-01,1.930000e-01,5.000000e-02,-8.861591e-02,2.243329e-03,0.000000e+00
1.685486e-03,5.000000e-01,1.940000e-01,5.000000e-02,-8.899657e-02,2.272165e-03,0.000000e+00
1.669988e-03,5.000000e-01,1.950000e-01,5.000000e-02,-8.937722e-02,2.301001e-03,0.000000e+00
1.653385e-03,5.000000e-01,1.960000e-01,5.000000e-02,-8.975624e-02,2.331869e-03,0.000000e+00
1.636279e-03,5.000000e-01,1.970000e-01,5.000000e-02,-9.013453e-02,2.363661e-03,0.000000e+00
1.619173e-03,5.000000e-01,1.980000e-01,5.000000e-02,-9.051282e-02,2.395453e-03,0.000000e+00
1.602067e-03,5.000000e-01,1.990000e-01,5.000000e-02,-9.089111e-02,2.427245e-03,0.000000e+00
1.584961e-03,5.000000e-01,2.000000e-01,5.000000e-02,-9.126940e-02,2.459038e-03,0.000000e+00
1.567855e-03,5.000000e-01,2.010000e-01,5.000000e-02,-9.164769e-02,2.490830e-03,0.000000e+00
1.550749e-03,5.000000e-01,2.020000e-01,5.000000e-02,-9.202598e-02,2.522622e-03,0.000000e+00
1.533643e-03,5.000000e-01,2.030000e-01,5.000000e-02,-9.240426e-02,2.554413e-03,0.000000e+00
1.515039e-03,5.000000e-01,2.040000e-01,5.000000e-02,-9.278058e-02,2.589033e-03,0.000000e+00
1.496220e-03,5.000000e-01,2.050000e-01,5.000000e-02,-9.315661e-02,2.624056e-03,0.000000e+00
1.477402e-03,5.000000e-01,2.060000e-01,5.000000e-02,-9.353264e-02,2.659080e-03,0.000000e+00
1.458583e-03,5.000000e-01,2.070000e-01,5.000000e-02,-9.390866e-02,2.694103e-03,0.000000e+00
1.439764e-03,5.000000e-01,2.080000e-01,5.000000e-02,-9.428469e-02,2.729127e-03,0.000000e+00
1.420946e-03,5.000000e-01,2.090000e-01,5.000000e-02,-9.466072e-02,2.764150e-03,0.000000e+00
1.402127e-03,5.000000e-01,2.100000e-01,5.000000e-02,-9.503675e-02,2.799173e-03,0.000000e+00
1.383195e-03,5.000000e-01,2.110000e-01,5.000000e-02,-9.541264e-02,2.834416e-03,0.000000e+00
1.362555e-03,5.000000e-01,2.120000e-01,5.000000e-02,-9.578647e-02,2.872958e-03,0.000000e+00
1.341916e-03,5.000000e-01,2.130000e-01,5.000000e-02,-9.616029e-02,2.911499e-03,0.000000e+00
1.321276e-03,5.000000e-01,2.140000e-01,5.000000e-02,-9.653413e-02,2.950041e-03,0.000000e+00
1.300636e-03,5.000000e-01,2.150000e-01,5.000000e-02,-9.690795e-02,2.988582e-03,0.000000e+00
1.279996e-03,5.000000e-01,2.160000e-01,5.000000e-02,-9.728178e-02,3.027124e-03,0.000000e+00
1.259357e-03,5.000000e-01,2.170000e-01,5.000000e-02,-9.765560e-02,3.065665e-03,0.000000e+00
1.238717e-03,5.000000e-01,2.180000e-01,5.000000e-02,-9.802943e-02,3.104206e-03,0.000000e+00
1.217594e-03,5.000000e-01,2.190000e-01,5.000000e-02,-9.840271e-02,3.143701e-03,0.000000e+00
1.195021e-03,5.000000e-01,2.200000e-01,5.000000e-02,-9.877434e-02,3.186055e-03,0.000000e+00
1.172448e-03,5.000000e-01,2.210000e-01,5.000000e-02,-9.914596e-02,3.228408e-03,0.000000e+00
1.149874e-03,5.000000e-01,2.220000e-01,5.000000e-02,-9.951759e-02,3.270762e-03,0.000000e+00
1.127301e-03,5.000000e-01,2.230000e-01,5.000000e-02,-9.988923e-02,3.313115e-03,0.000000e+00
1.104728e-03,5.000000e-01,2.240000e-01,5.000000e-02,-1.002609e-01,3.355469e-03,0.000000e+00
1.082155e-03,5.000000e-01,2.250000e-01,5.000000e-02,-1.006325e-01,3.397822e-03,0.000000e+00
1.059582e-03,5.000000e-01,2.260000e-01,5.000000e-02,-1.010041e-01,3.440176e-03,0.000000e+00
1.036111e-03,5.000000e-01,2.270000e-01,5.000000e-02,-1.013747e-01,3.484330e-03,0.000000e+00
1.011487e-03,5.000000e-01,2.280000e-01,5.000000e-02,-1.017441e-01,3.530800e-03,0.000000e+00
9.868635e-04,5.000000e-01,2.290000e-01,5.000000e-02,-1.021135e-01,3.577269e-03,0.000000e+00
9.622397e-04,5.000000e-01,2.300000e-01,5.000000e-02,-1.024828e-01,3.623739e-03,0.000000e+00
9.376158e-04,5.000000e-01,2.310000e-01,5.000000e-02,-1.028522e-01,3.670208e-03,0.000000e+00
9.129922e-04,5.000000e-01,2.320000e-01,5.000000e-02,-1.032215e-01,3.716677e-03,0.000000e+00
8.883683e-04,5.000000e-01,2.330000e-01,5.000000e-02,-1.035909e-01,3.763147e-03,0.000000e+00
8.637445e-04,5.000000e-01,2.340000e-01,5.000000e-02,-1.039602e-01,3.809616e-03,0.000000e+00
8.377637e-04,5.000000e-01,2.350000e-01,5.000000e-02,-1.043281e-01,3.858853e-03,0.000000e+00
8.109687e-04,5.000000e-01,2.360000e-01,5.000000e-02,-1.046952e-01,3.909749e-03,0.000000e+00
7.841737e-04,5.000000e-01,2.370000e-01,5.000000e-02,-1.050622e-01,3.960645e-03,0.000000e+00
7.573788e-04,5.000000e-01,2.380000e-01,5.000000e-02,-1.054293e-01,4.011542e-03,0.000000e+00
7.305842e-04,5.000000e-01,2.390000e-01,5.000000e-02,-1.057963e-01,4.062437e-03,0.000000e+00
7.037892e-04,5.000000e-01,2.400000e-01,5.000000e-02,-1.061633e-01,4.113334e-03,0.000000e+00
6.769943e-04,5.000000e-01,2.410000e-01,5.000000e-02,-1.065304e-01,4.164231e-03,0.000000e+00
6.501993e-04,5.000000e-01,2.420000e-01,5.000000e-02,-1.068974e-01,4.215127e-03,0.000000e+00
6.215396e-04,5.000000e-01,2.430000e-01,5.000000e-02,-1.072624e-01,4.269877e-03,0.000000e+00
5.924496e-04,5.000000e-01,2.440000e-01,5.000000e-02,-1.076269e-01,4.325516e-03,0.000000e+00
5.633595e-04,5.000000e-01,2.450000e-01,5.000000e-02,-1.079914e-01,4.381154e-03,0.000000e+00
5.342695e-04,5.000000e-01,2.460000e-01,5.000000e-02,-1.083560e-01,4.436793e-03,0.000000e+00
5.051799e-04,5.000000e-01,2.470000e-01,5.000000e-02,-1.087205e-01,4.492431e-03,0.000000e+00
4.760898e-04,5.000000e-01,2.480000e-01,5.000000e-02,-1.090850e-01,4.548070e-03,0.000000e+00
4.469998e-04,5.000000e-01,2.490000e-01,5.000000e-02,-1.094495e-01,4.603709e-03,0.000000e+00
4.179098e-04,5.000000e-01,2.500000e-01,5.000000e-02,-1.098140e-01,4.659347e-03,0.000000e+00
3.863975e-04,5.000000e-01,2.510000e-01,5.000000e-02,-1.101757e-01,4.720050e-03,0.000000e+00
3.548844e-04,5.000000e-01,2.520000e-01,5.000000e-02,-1.105375e-01,4.780754e-03,0.000000e+00
3.233722e-04,5.000000e-01,2.530000e-01,5.000000e-02,-1.108992e-01,4.841457e-03,0.000000e+00
2.918590e-04,5.000000e-01,2.540000e-01,5.000000e-02,-1.112609e-01,4.902161e-03,0.000000e+00
2.603468e-04,5.000000e-01,2.550000e-01,5.000000e-02,-1.116226e-01,4.962864e-03,0.000000e+00
2.288336e-04,5.000000e-01,2.560000e-01,5.000000e-02,-1.119844e-01,5.023568e-03,0.000000e+00
1.973214e-04,5.000000e-01,2.570000e-01,5.000000e-02,-1.123461e-01,5.084271e-03,0.000000e+00
1.653304e-04,5.000000e-01,2.580000e-01,5.000000e-02,-1.127073e-01,5.145984e-03,0.000000e+00
1.312638e-04,5.000000e-01,2.590000e-01,5.000000e-02,-1.130660e-01,5.212079e-03,0.000000e+00
9.719815e-05,5.000000e-01,2.600000e-01,5.000000e-02,-1.134247e-01,5.278172e-03,0.000000e+00
6.313149e-05,5.000000e-01,2.610000e-01,5.000000e-02,-1.137834e-01,5.344267e-03,0.000000e+00
2.906585e-05,5.000000e-01,2.620000e-01,5.000000e-02,-1.141421e-01,5.410360e-03,0.000000e+00
-5.000803e-06,5.000000e-01,2.630000e-01,5.000000e-02,-1.145009e-01,5.476455e-03,0.000000e+00
-3.906644e-05,5.000000e-01,2.640000e-01,5.000000e-02,-1.148596e-01,5.542547e-03,0.000000e+00
-7.313208e-05,5.000000e-01,2.650000e-01,5.000000e-02,-1.152183e-01,5.608640e-03,0.000000e+00
-1.082064e-04,5.000000e-01,2.660000e-01,5.000000e-02,-1.155757e-01,5.676879e-03,0.000000e+00
-1.449592e-04,5.000000e-01,2.670000e-01,5.000000e-02,-1.159311e-01,5.748688e-03,0.000000e+00
-1.817130e-04,5.000000e-01,2.680000e-01,5.000000e-02,-1.162864e-01,5.820499e-03,0.000000e+00
-2.184658e-04,5.000000e-01,2.690000e-01,5.000000e-02,-1.166417e-01,5.892308e-03,0.000000e+00
-2.552197e-04,5.000000e-01,2.700000e-01,5.000000e-02,-1.169971e-01,5.964119e-03,0.000000e+00
-2.919724e-04,5.000000e-01,2.710000e-01,5.000000e-02,-1.173524e-01,6.035928e-03,0.000000e+00
-3.287263e-04,5.000000e-01,2.720000e-01,5.000000e-02,-1.177077e-01,6.107739e-03,0.000000e+00
-3.654790e-04,5.000000e-01,2.730000e-01,5.000000e-02,-1.180630e-01,6.179548e-03,0.000000e+00
-4.038199e-04,5.000000e-01,2.740000e-01,5.000000e-02,-1.184162e-01,6.254757e-03,0.000000e+00
-4.433972e-04,5.000000e-01,2.750000e-01,5.000000e-02,-1.187678e-01,6.332612e-03,0.000000e+00
-4.829733e-04,5.000000e-01,2.760000e-01,5.000000e-02,-1.191193e-01,6.410464e-03,0.000000e+00
-5.225505e-04,5.000000e-01,2.770000e-01,5.000000e-02,-1.194709e-01,6.488319e-03,0.000000e+00
-5.621266e-04,5.000000e-01,2.780000e-01,5.000000e-02,-1.198225e-01,6.566171e-03,0.000000e+00
-6.017039e-04,5.000000e-01,2.790000e-01,5.000000e-02,-1.201740e-01,6.644026e-03,0.000000e+00
-6.412800e-04,5.000000e-01,2.800000e-01,5.000000e-02,-1.205256e-01,6.721878e-03,0.000000e+00
-6.808561e-04,5.000000e-01,2.810000e-01,5.000000e-02,-1.208771e-01,6.799731e-03,0.000000e+00
-7.226548e-04,5.000000e-01,2.820000e-01,5.000000e-02,-1.212255e-01,6.882363e-03,0.000000e+00
-7.651928e-04,5.000000e-01,2.830000e-01,5.000000e-02,-1.215728e-01,6.966585e-03,0.000000e+00
-8.077320e-04,5.000000e-01,2.840000e-01,5.000000e-02,-1.219202e-01,7.050809e-03,0.000000e+00
-8.502699e-04,5.000000e-01,2.850000e-01,5.000000e-02,-1.222675e-01,7.135031e-03,0.000000e+00
-8.928092e-04,5.000000e-01,2.860000e-01,5.000000e-02,-1.226148e-01,7.219255e-03,0.000000e+00
-9.353471e-04,5.000000e-01,2.870000e-01,5.000000e-02,-1.229621e-01,7.303478e-03,0.000000e+00
-9.778851e-04,5.000000e-01,2.880000e-01,5.000000e-02,-1.233095e-01,7.387700e-03,0.000000e+00
-1.020424e-03,5.000000e-01,2.890000e-01,5.000000e-02,-1.236568e-01,7.471924e-03,0.000000e+00
-1.065870e-03,5.000000e-01,2.900000e-01,5.000000e-02,-1.239997e-01,7.562419e-03,0.000000e+00
-1.111511e-03,5.000000e-01,2.910000e-01,5.000000e-02,-1.243423e-01,7.653336e-03,0.000000e+00
-1.157150e-03,5.000000e-01,2.920000e-01,5.000000e-02,-1.246849e-01,7.744249e-03,0.000000e+00
-1.202791e-03,5.000000e-01,2.930000e-01,5.000000e-02,-1.250275e-01,7.835165e-03,0.000000e+00
-1.248430e-03,5.000000e-01,2.940000e-01,5.000000e-02,-1.253700e-01,7.926079e-03,0.000000e+00
-1.294069e-03,5.000000e-01,2.950000e-01,5.000000e-02,-1.257126e-01,8.016991e-03,0.000000e+00
-1.339710e-03,5.000000e-01,2.960000e-01,5.000000e-02,-1.260552e-01,8.107908e-03,0.000000e+00
-1.385755e-03,5.000000e-01,2.970000e-01,5.000000e-02,-1.263971e-01,8.199697e-03,0.000000e+00
-1.434638e-03,5.000000e-01,2.980000e-01,5.000000e-02,-1.267344e-01,8.297620e-03,0.000000e+00
-1.483520e-03,5.000000e-01,2.990000e-01,5.000000e-02,-1.270717e-01,8.395541e-03,0.000000e+00
-1.532404e-03,5.000000e-01,3.000000e-01,5.000000e-02,-1.274090e-01,8.493464e-03,0.000000e+00
-1.581285e-03,5.000000e-01,3.010000e-01,5.000000e-02,-1.277463e-01,8.591386e-03,0.000000e+00
-1.630167e-03,5.000000e-01,3.020000e-01,5.000000e-02,-1.280835e-01,8.689306e-03,0.000000e+00
-1.679051e-03,5.000000e-01,3.030000e-01,5.000000e-02,-1.284208e-01,8.787230e-03,0.000000e+00
-1.727933e-03,5.000000e-01,3.040000e-01,5.000000e-02,-1.287581e-01,8.885150e-03,0.000000e+00
-1.777874e-03,5.000000e-01,3.050000e-01,5.000000e-02,-1.290935e-01,8.985360e-03,0.000000e+00
-1.830140e-03,5.000000e-01,3.060000e-01,5.000000e-02,-1.294249e-01,9.090599e-03,0.000000e+00
-1.882409e-03,5.000000e-01,3.070000e-01,5.000000e-02,-1.297562e-01,9.195841e-03,0.000000e+00
-1.934675e-03,5.000000e-01,3.080000e-01,5.000000e-02,-1.300875e-01,9.301079e-03,0.000000e+00
-1.986942e-03,5.000000e-01,3.090000e-01,5.000000e-02,-1.304189e-01,9.406317e-03,0.000000e+00
-2.039210e-03,5.000000e-01,3.100000e-01,5.000000e-02,-1.307502e-01,9.511558e-03,0.000000e+00
-2.091476e-03,5.000000e-01,3.110000e-01,5.000000e-02,-1.310815e-01,9.616797e-03,0.000000e+00
-2.143744e-03,5.000000e-01,3.120000e-01,5.000000e-02,-1.314128e-01,9.722039e-03,0.000000e+00
-2.197773e-03,5.000000e-01,3.130000e-01,5.000000e-02,-1.317408e-01,9.831089e-03,0.000000e+00
-2.253567e-03,5.000000e-01,3.140000e-01,5.000000e-02,-1.320655e-01,9.943953e-03,0.000000e+00
-2.309358e-03,5.000000e-01,3.150000e-01,5.000000e-02,-1.323902e-01,1.005681e-02,0.000000e+00
-2.365151e-03,5.000000e-01,3.160000e-01,5.000000e-02,-1.327149e-01,1.016968e-02,0.000000e+00
-2.420943e-03,5.000000e-01,3.170000e-01,5.000000e-02,-1.330395e-01,1.028254e-02,0.000000e+00
-2.476735e-03,5.000000e-01,3.180000e-01,5.000000e-02,-1.333642e-01,1.039540e-02,0.000000e+00
-2.532528e-03,5.000000e-01,3.190000e-01,5.000000e-02,-1.336889e-01,1.050826e-02,0.000000e+00
-2.588319e-03,5.000000e-01,3.200000e-01,5.000000e-02,-1.340135e-01,1.062112e-02,0.000000e+00
-2.646632e-03,5.000000e-01,3.210000e-01,5.000000e-02,-1.343331e-01,1.073943e-02,0.000000e+00
-2.706089e-03,5.000000e-01,3.220000e-01,5.000000e-02,-1.346504e-01,1.086020e-02,0.000000e+00
-2.765548e-03,5.000000e-01,3.230000e-01,5.000000e-02,-1.349677e-01,1.098097e-02,0.000000e+00
-2.825005e-03,5.000000e-01,3.240000e-01,5.000000e-02,-1.352850e-01,1.110174e-02,0.000000e+00
-2.884462e-03,5.000000e-01,3.250000e-01,5.000000e-02,-1.356022e-01,1.122251e-02,0.000000e+00
-2.943920e-03,5.000000e-01,3.260000e-01,5.000000e-02,-1.359195e-01,1.134328e-02,0.000000e+00
-3.003377e-03,5.000000e-01,3.270000e-01,5.000000e-02,-1.362368e-01,1.146405e-02,0.000000e+00
-3.062836e-03,5.000000e-01,3.280000e-01,5.000000e-02,-1.365541e-01,1.158483e-02,0.000000e+00
-3.125621e-03,5.000000e-01,3.290000e-01,5.000000e-02,-1.368642e-01,1.171276e-02,0.000000e+00
-3.188883e-03,5.000000e-01,3.300000e-01,5.000000e-02,-1.371734e-01,1.184171e-02,0.000000e+00
-3.252144e-03,5.000000e-01,3.310000e-01,5.000000e-02,-1.374825e-01,1.197067e-02,0.000000e+00
-3.315405e-03,5.000000e-01,3.320000e-01,5.000000e-02,-1.377916e-01,1.209962e-02,0.000000e+00
-3.378667e-03,5.000000e-01,3.330000e-01,5.000000e-02,-1.381007e-01,1.222857e-02,0.000000e+00
-3.441928e-03,5.000000e-01,3.340000e-01,5.000000e-02,-1.384098e-01,1.235753e-02,0.000000e+00
-3.505190e-03,5.000000e-01,3.350000e-01,5.000000e-02,-1.387189e-01,1.248648e-02,0.000000e+00
-3.568697e-03,5.000000e-01,3.360000e-01,5.000000e-02,-1.390275e-01,1.261596e-02,0.000000e+00
-3.635898e-03,5.000000e-01,3.370000e-01,5.000000e-02,-1.393276e-01,1.275336e-02,0.000000e+00
-3.703097e-03,5.000000e-01,3.380000e-01,5.000000e-02,-1.396276e-01,1.289076e-02,0.000000e+00
-3.770296e-03,5.000000e-01,3.390000e-01,5.000000e-02,-1.399277e-01,1.302816e-02,0.000000e+00
-3.837498e-03,5.000000e-01,3.400000e-01,5.000000e-02,-1.402277e-01,1.316556e-02,0.000000e+00
-3.904697e-03,5.000000e-01,3.410000e-01,5.000000e-02,-1.405278e-01,1.330295e-02,0.000000e+00
-3.971898e-03,5.000000e-01,3.420000e-01,5.000000e-02,-1.408279e-01,1.344035e-02,0.000000e+00
-4.039097e-03,5.000000e-01,3.430000e-01,5.000000e-02,-1.411279e-01,1.357775e-02,0.000000e+00
-4.107316e-03,5.000000e-01,3.440000e-01,5.000000e-02,-1.414255e-01,1.371732e-02,0.000000e+00
-4.178585e-03,5.000000e-01,3.450000e-01,5.000000e-02,-1.417157e-01,1.386340e-02,0.000000e+00
-4.249854e-03,5.000000e-01,3.460000e-01,5.000000e-02,-1.420058e-01,1.400949e-02,0.000000e+00
-4.321125e-03,5.000000e-01,3.470000e-01,5.000000e-02,-1.422960e-01,1.415557e-02,0.000000e+00
-4.392394e-03,5.000000e-01,3.480000e-01,5.000000e-02,-1.425861e-01,1.430165e-02,0.000000e+00
-4.463666e-03,5.000000e-01,3.490000e-01,5.000000e-02,-1.428763e-01,1.444774e-02,0.000000e+00
-4.534935e-03,5.000000e-01,3.500000e-01,5.000000e-02,-1.431664e-01,1.459382e-02,0.000000e+00
-4.606206e-03,5.000000e-01,3.510000e-01,5.000000e-02,-1.434565e-01,1.473990e-02,0.000000e+00
-4.679312e-03,5.000000e-01,3.520000e-01,5.000000e-02,-1.437419e-01,1.488988e-02,0.000000e+00
-4.754777e-03,5.000000e-01,3.530000e-01,5.000000e-02,-1.440212e-01,1.504487e-02,0.000000e+00
-4.830245e-03,5.000000e-01,3.540000e-01,5.000000e-02,-1.443005e-01,1.519986e-02,0.000000e+00
-4.905711e-03,5.000000e-01,3.550000e-01,5.000000e-02,-1.445798e-01,1.535485e-02,0.000000e+00
-4.981179e-03,5.000000e-01,3.560000e-01,5.000000e-02,-1.448591e-01,1.550984e-02,0.000000e+00
-5.056645e-03,5.000000e-01,3.570000e-01,5.000000e-02,-1.451384e-01,1.566483e-02,0.000000e+00
-5.132114e-03,5.000000e-01,3.580000e-01,5.000000e-02,-1.454177e-01,1.581982e-02,0.000000e+00
-5.207580e-03,5.000000e-01,3.590000e-01,5.000000e-02,-1.456970e-01,1.597480e-02,0.000000e+00
-5.285745e-03,5.000000e-01,3.600000e-01,5.000000e-02,-1.459689e-01,1.613548e-02,0.000000e+00
-5.365528e-03,5.000000e-01,3.610000e-01,5.000000e-02,-1.462363e-01,1.629957e-02,0.000000e+00
-5.445311e-03,5.000000e-01,3.620000e-01,5.000000e-02,-1.465037e-01,1.646366e-02,0.000000e+00
-5.525096e-03,5.000000e-01,3.630000e-01,5.000000e-02,-1.467712e-01,1.662775e-02,0.000000e+00
-5.604879e-03,5.000000e-01,3.640000e-01,5.000000e-02,-1.470386e-01,1.679184e-02,0.000000e+00
-5.684664e-03,5.000000e-01,3.650000e-01,5.000000e-02,-1.473060e-01,1.695593e-02,0.000000e+00
-5.764446e-03,5.000000e-01,3.660000e-01,5.000000e-02,-1.475734e-01,1.712002e-02,0.000000e+00
-5.844231e-03,5.000000e-01,3.670000e-01,5.000000e-02,-1.478409e-01,1.728411e-02,0.000000e+00
-5.927613e-03,5.000000e-01,3.680000e-01,5.000000e-02,-1.480978e-01,1.745573e-02,0.000000e+00
-6.011826e-03,5.000000e-01,3.690000e-01,5.000000e-02,-1.483523e-01,1.762909e-02,0.000000e+00
-6.096041e-03,5.000000e-01,3.700000e-01,5.000000e-02,-1.486069e-01,1.780245e-02,0.000000e+00
-6.180254e-03,5.000000e-01,3.710000e-01,5.000000e-02,-1.488614e-01,1.797581e-02,0.000000e+00
-6.264469e-03,5.000000e-01,3.720000e-01,5.000000e-02,-1.491159e-01,1.814917e-02,0.000000e+00
-6.348682e-03,5.000000e-01,3.730000e-01,5.000000e-02,-1.493704e-01,1.832253e-02,0.000000e+00
-6.432897e-03,5.000000e-01,3.740000e-01,5.000000e-02,-1.496250e-01,1.849589e-02,0.000000e+00
-6.517110e-03,5.000000e-01,3.750000e-01,5.000000e-02,-1.498795e-01,1.866925e-02,0.000000e+00
-6.605857e-03,5.000000e-01,3.760000e-01,5.000000e-02,-1.501201e-01,1.885203e-02,0.000000e+00
-6.694606e-03,5.000000e-01,3.770000e-01,5.000000e-02,-1.503607e-01,1.903480e-02,0.000000e+00
-6.783353e-03,5.000000e-01,3.780000e-01,5.000000e-02,-1.506013e-01,1.921758e-02,0.000000e+00
-6.872102e-03,5.000000e-01,3.790000e-01,5.000000e-02,-1.508419e-01,1.940036e-02,0.000000e+00
-6.960849e-03,5.000000e-01,3.800000e-01,5.000000e-02,-1.510825e-01,1.958314e-02,0.000000e+00
-7.049598e-03,5.000000e-01,3.810000e-01,5.000000e-02,-1.513232e-01,1.976592e-02,0.000000e+00
-7.138345e-03,5.000000e-01,3.820000e-01,5.000000e-02,-1.515638e-01,1.994869e-02,0.000000e+00
-7.227960e-03,5.000000e-01,3.830000e-01,5.000000e-02,-1.518015e-01,2.013326e-02,0.000000e+00
-7.321337e-03,5.000000e-01,3.840000e-01,5.000000e-02,-1.520271e-01,2.032557e-02,0.000000e+00
-7.414713e-03,5.000000e-01,3.850000e-01,5.000000e-02,-1.522526e-01,2.051788e-02,0.000000e+00
-7.508090e-03,5.000000e-01,3.860000e-01,5.000000e-02,-1.524781e-01,2.071019e-02,0.000000e+00
-7.601466e-03,5.000000e-01,3.870000e-01,5.000000e-02,-1.527037e-01,2.090250e-02,0.000000e+00
-7.694843e-03,5.000000e-01,3.880000e-01,5.000000e-02,-1.529292e-01,2.109481e-02,0.000000e+00
-7.788219e-03,5.000000e-01,3.890000e-01,5.000000e-02,-1.531548e-01,2.128712e-02,0.000000e+00
-7.881594e-03,5.000000e-01,3.900000e-01,5.000000e-02,-1.533803e-01,2.147943e-02,0.000000e+00
-7.976739e-03,5.000000e-01,3.910000e-01,5.000000e-02,-1.535998e-01,2.167534e-02,0.000000e+00
-8.074826e-03,5.000000e-01,3.920000e-01,5.000000e-02,-1.538091e-01,2.187725e-02,0.000000e+00
-8.172915e-03,5.000000e-01,3.930000e-01,5.000000e-02,-1.540184e-01,2.207917e-02,0.000000e+00
-8.271001e-03,5.000000e-01,3.940000e-01,5.000000e-02,-1.542278e-01,2.228108e-02,0.000000e+00
-8.369091e-03,5.000000e-01,3.950000e-01,5.000000e-02,-1.544371e-01,2.248300e-02,0.000000e+00
-8.467178e-03,5.000000e-01,3.960000e-01,5.000000e-02,-1.546465e-01,2.268491e-02,0.000000e+00
-8.565268e-03,5.000000e-01,3.970000e-01,5.000000e-02,-1.548558e-01,2.288683e-02,0.000000e+00
-8.663354e-03,5.000000e-01,3.980000e-01,5.000000e-02,-1.550652e-01,2.308874e-02,0.000000e+00
-8.764131e-03,5.000000e-01,3.990000e-01,5.000000e-02,-1.552648e-01,2.329608e-02,0.000000e+00
-8.867003e-03,5.000000e-01,4.000000e-01,5.000000e-02,-1.554569e-01,2.350764e-02,0.000000e+00
-8.969872e-03,5.000000e-01,4.010000e-01,5.000000e-02,-1.556490e-01,2.371920e-02,0.000000e+00
-9.072744e-03,5.000000e-01,4.020000e-01,5.000000e-02,-1.558411e-01,2.393077e-02,0.000000e+00
-9.175614e-03,5.000000e-01,4.030000e-01,5.000000e-02,-1.560332e-01,2.414232e-02,0.000000e+00
-9.278486e-03,5.000000e-01,4.040000e-01,5.000000e-02,-1.562253e-01,2.435389e-02,0.000000e+00
-9.381355e-03,5.000000e-01,4.050000e-01,5.000000e-02,-1.564174e-01,2.456545e-02,0.000000e+00
-9.484224e-03,5.000000e-01,4.060000e-01,5.000000e-02,-1.566095e-01,2.477701e-02,0.000000e+00
-9.590727e-03,5.000000e-01,4.070000e-01,5.000000e-02,-1.567877e-01,2.499582e-02,0.000000e+00
-9.698438e-03,5.000000e-01,4.080000e-01,5.000000e-02,-1.569614e-01,2.521704e-02,0.000000e+00
-9.806152e-03,5.000000e-01,4.090000e-01,5.000000e-02,-1.571350e-01,2.543827e-02,0.000000e+00
-9.913863e-03,5.000000e-01,4.100000e-01,5.000000e-02,-1.573086e-01,2.565949e-02,0.000000e+00
-1.002158e-02,5.000000e-01,4.110000e-01,5.000000e-02,-1.574823e-01,2.588072e-02,0.000000e+00
-1.012929e-02,5.000000e-01,4.120000e-01,5.000000e-02,-1.576559e-01,2.610195e-02,0.000000e+00
-1.023700e-02,5.000000e-01,4.130000e-01,5.000000e-02,-1.578295e-01,2.632317e-02,0.000000e+00
-1.034471e-02,5.000000e-01,4.140000e-01,5.000000e-02,-1.580032e-01,2.654440e-02,0.000000e+00
-1.045700e-02,5.000000e-01,4.150000e-01,5.000000e-02,-1.581584e-01,2.677464e-02,0.000000e+00
-1.056959e-02,5.000000e-01,4.160000e-01,5.000000e-02,-1.583124e-01,2.700549e-02,0.000000e+00
-1.068217e-02,5.000000e-01,4.170000e-01,5.000000e-02,-1.584663e-01,2.723634e-02,0.000000e+00
-1.079477e-02,5.000000e-01,4.180000e-01,5.000000e-02,-1.586203e-01,2.746719e-02,0.000000e+00
-1.090735e-02,5.000000e-01,4.190000e-01,5.000000e-02,-1.587743e-01,2.769804e-02,0.000000e+00
-1.101994e-02,5.000000e-01,4.200000e-01,5.000000e-02,-1.589283e-01,2.792888e-02,0.000000e+00
-1.113253e-02,5.000000e-01,4.210000e-01,5.000000e-02,-1.590823e-01,2.815973e-02,0.000000e+00
-1.124573e-02,5.000000e-01,4.220000e-01,5.000000e-02,-1.592336e-01,2.839177e-02,0.000000e+00
-1.136323e-02,5.000000e-01,4.230000e-01,5.000000e-02,-1.593668e-01,2.863217e-02,0.000000e+00
-1.148072e-02,5.000000e-01,4.240000e-01,5.000000e-02,-1.595000e-01,2.887257e-02,0.000000e+00
-1.159821e-02,5.000000e-01,4.250000e-01,5.000000e-02,-1.596332e-01,2.911297e-02,0.000000e+00
-1.171570e-02,5.000000e-01,4.260000e-01,5.000000e-02,-1.597664e-01,2.935336e-02,0.000000e+00
-1.183319e-02,5.000000e-01,4.270000e-01,5.000000e-02,-1.598996e-01,2.959375e-02,0.000000e+00
-1.195068e-02,5.000000e-01,4.280000e-01,5.000000e-02,-1.600327e-01,2.983415e-02,0.000000e+00
-1.206817e-02,5.000000e-01,4.290000e-01,5.000000e-02,-1.601659e-01,3.007455e-02,0.000000e+00
-1.218720e-02,5.000000e-01,4.300000e-01,5.000000e-02,-1.602923e-01,3.031790e-02,0.000000e+00
-1.230960e-02,5.000000e-01,4.310000e-01,5.000000e-02,-1.604035e-01,3.056773e-02,0.000000e+00
-1.243201e-02,5.000000e-01,4.320000e-01,5.000000e-02,-1.605147e-01,3.081757e-02,0.000000e+00
-1.255441e-02,5.000000e-01,4.330000e-01,5.000000e-02,-1.606259e-01,3.106740e-02,0.000000e+00
-1.267681e-02,5.000000e-01,4.340000e-01,5.000000e-02,-1.607371e-01,3.131723e-02,0.000000e+00
-1.279922e-02,5.000000e-01,4.350000e-01,5.000000e-02,-1.608483e-01,3.156707e-02,0.000000e+00
-1.292162e-02,5.000000e-01,4.360000e-01,5.000000e-02,-1.609595e-01,3.181690e-02,0.000000e+00
-1.304402e-02,5.000000e-01,4.370000e-01,5.000000e-02,-1.610707e-01,3.206673e-02,0.000000e+00
-1.316888e-02,5.000000e-01,4.380000e-01,5.000000e-02,-1.611703e-01,3.232120e-02,0.000000e+00
-1.329618e-02,5.000000e-01,4.390000e-01,5.000000e-02,-1.612584e-01,3.258030e-02,0.000000e+00
-1.342348e-02,5.000000e-01,4.400000e-01,5.000000e-02,-1.613464e-01,3.283940e-02,0.000000e+00
-1.355079e-02,5.000000e-01,4.410000e-01,5.000000e-02,-1.614345e-01,3.309851e-02,0.000000e+00
-1.367809e-02,5.000000e-01,4.420000e-01,5.000000e-02,-1.615225e-01,3.335761e-02,0.000000e+00
-1.380539e-02,5.000000e-01,4.430000e-01,5.000000e-02,-1.616106e-01,3.361670e-02,0.000000e+00
-1.393269e-02,5.000000e-01,4.440000e-01,5.000000e-02,-1.616987e-01,3.387581e-02,0.000000e+00
-1.405999e-02,5.000000e-01,4.450000e-01,5.000000e-02,-1.617867e-01,3.413491e-02,0.000000e+00
-1.419064e-02,5.000000e-01,4.460000e-01,5.000000e-02,-1.618581e-01,3.440024e-02,0.000000e+00
-1.432280e-02,5.000000e-01,4.470000e-01,5.000000e-02,-1.619219e-01,3.466839e-02,0.000000e+00
-1.445497e-02,5.000000e-01,4.480000e-01,5.000000e-02,-1.619857e-01,3.493656e-02,0.000000e+00
-1.458713e-02,5.000000e-01,4.490000e-01,5.000000e-02,-1.620494e-01,3.520472e-02,0.000000e+00
-1.471929e-02,5.000000e-01,4.500000e-01,5.000000e-02,-1.621132e-01,3.547287e-02,0.000000e+00
-1.485145e-02,5.000000e-01,4.510000e-01,5.000000e-02,-1.621770e-01,3.574103e-02,0.000000e+00
-1.498361e-02,5.000000e-01,4.520000e-01,5.000000e-02,-1.622408e-01,3.600919e-02,0.000000e+00
-1.511578e-02,5.000000e-01,4.530000e-01,5.000000e-02,-1.623045e-01,3.627736e-02,0.000000e+00
-1.525215e-02,5.000000e-01,4.540000e-01,5.000000e-02,-1.623461e-01,3.655322e-02,0.000000e+00
-1.538913e-02,5.000000e-01,4.550000e-01,5.000000e-02,-1.623845e-01,3.683019e-02,0.000000e+00
-1.552610e-02,5.000000e-01,4.560000e-01,5.000000e-02,-1.624229e-01,3.710715e-02,0.000000e+00
-1.566307e-02,5.000000e-01,4.570000e-01,5.000000e-02,-1.624613e-01,3.738412e-02,0.000000e+00
-1.580004e-02,5.000000e-01,4.580000e-01,5.000000e-02,-1.624997e-01,3.766109e-02,0.000000e+00
-1.593701e-02,5.000000e-01,4.590000e-01,5.000000e-02,-1.625381e-01,3.793805e-02,0.000000e+00
-1.607399e-02,5.000000e-01,4.600000e-01,5.000000e-02,-1.625765e-01,3.821502e-02,0.000000e+00
-1.621126e-02,5.000000e-01,4.610000e-01,5.000000e-02,-1.626132e-01,3.849252e-02,0.000000e+00
-1.635296e-02,5.000000e-01,4.620000e-01,5.000000e-02,-1.626251e-01,3.877798e-02,0.000000e+00
-1.649467e-02,5.000000e-01,4.630000e-01,5.000000e-02,-1.626371e-01,3.906345e-02,0.000000e+00
-1.663637e-02,5.000000e-01,4.640000e-01,5.000000e-02,-1.626489e-01,3.934891e-02,0.000000e+00
-1.677808e-02,5.000000e-01,4.650000e-01,5.000000e-02,-1.626609e-01,3.963438e-02,0.000000e+00
-1.691978e-02,5.000000e-01,4.660000e-01,5.000000e-02,-1.626728e-01,3.991984e-02,0.000000e+00
-1.706149e-02,5.000000e-01,4.670000e-01,5.000000e-02,-1.626847e-01,4.020531e-02,0.000000e+00
-1.720320e-02,5.000000e-01,4.680000e-01,5.000000e-02,-1.626966e-01,4.049078e-02,0.000000e+00
-1.734606e-02,5.000000e-01,4.690000e-01,5.000000e-02,-1.627016e-01,4.077828e-02,0.000000e+00
-1.749238e-02,5.000000e-01,4.700000e-01,5.000000e-02,-1.626859e-01,4.107190e-02,0.000000e+00
-1.763871e-02,5.000000e-01,4.710000e-01,5.000000e-02,-1.626702e-01,4.136551e-02,0.000000e+00
-1.778504e-02,5.000000e-01,4.720000e-01,5.000000e-02,-1.626545e-01,4.165913e-02,0.000000e+00
-1.793136e-02,5.000000e-01,4.730000e-01,5.000000e-02,-1.626389e-01,4.195274e-02,0.000000e+00
-1.807769e-02,5.000000e-01,4.740000e-01,5.000000e-02,-1.626232e-01,4.224636e-02,0.000000e+00
-1.822401e-02,5.000000e-01,4.750000e-01,5.000000e-02,-1.626075e-01,4.253997e-02,0.000000e+00
-1.837034e-02,5.000000e-01,4.760000e-01,5.000000e-02,-1.625918e-01,4.283359e-02,0.000000e+00
-1.851864e-02,5.000000e-01,4.770000e-01,5.000000e-02,-1.625637e-01,4.313060e-02,0.000000e+00
-1.866946e-02,5.000000e-01,4.780000e-01,5.000000e-02,-1.625195e-01,4.343196e-02,0.000000e+00
-1.882030e-02,5.000000e-01,4.790000e-01,5.000000e-02,-1.624753e-01,4.373333e-02,0.000000e+00
-1.897112e-02,5.000000e-01,4.800000e-01,5.000000e-02,-1.624311e-01,4.403469e-02,0.000000e+00
-1.912195e-02,5.000000e-01,4.810000e-01,5.000000e-02,-1.623869e-01,4.433607e-02,0.000000e+00
-1.927278e-02,5.000000e-01,4.820000e-01,5.000000e-02,-1.623427e-01,4.463743e-02,0.000000e+00
-1.942361e-02,5.000000e-01,4.830000e-01,5.000000e-02,-1.622985e-01,4.493880e-02,0.000000e+00
-1.957444e-02,5.000000e-01,4.840000e-01,5.000000e-02,-1.622543e-01,4.524016e-02,0.000000e+00
-1.972799e-02,5.000000e-01,4.850000e-01,5.000000e-02,-1.621917e-01,4.554609e-02,0.000000e+00
-1.988317e-02,5.000000e-01,4.860000e-01,5.000000e-02,-1.621179e-01,4.585475e-02,0.000000e+00
-2.003835e-02,5.000000e-01,4.870000e-01,5.000000e-02,-1.620442e-01,4.616340e-02,0.000000e+00
-2.019353e-02,5.000000e-01,4.880000e-01,5.000000e-02,-1.619705e-01,4.647207e-02,0.000000e+00
-2.034871e-02,5.000000e-01,4.890000e-01,5.000000e-02,-1.618968e-01,4.678072e-02,0.000000e+00
-2.050389e-02,5.000000e-01,4.900000e-01,5.000000e-02,-1.618230e-01,4.708938e-02,0.000000e+00
-2.065907e-02,5.000000e-01,4.910000e-01,5.000000e-02,-1.617493e-01,4.739804e-02,0.000000e+00
-2.081425e-02,5.000000e-01,4.920000e-01,5.000000e-02,-1.616756e-01,4.770670e-02,0.000000e+00
-2.097282e-02,5.000000e-01,4.930000e-01,5.000000e-02,-1.615771e-01,4.802088e-02,0.000000e+00
-2.113216e-02,5.000000e-01,4.940000e-01,5.000000e-02,-1.614729e-01,4.833633e-02,0.000000e+00
-2.129151e-02,5.000000e-01,4.950000e-01,5.000000e-02,-1.613687e-01,4.865178e-02,0.000000e+00
-2.145086e-02,5.000000e-01,4.960000e-01,5.000000e-02,-1.612645e-01,4.896723e-02,0.000000e+00
-2.161021e-02,5.000000e-01,4.970000e-01,5.000000e-02,-1.611603e-01,4.928269e-02,0.000000e+00
-2.176956e-02,5.000000e-01,4.980000e-01,5.000000e-02,-1.610561e-01,4.959814e-02,0.000000e+00
-2.192890e-02,5.000000e-01,4.990000e-01,5.000000e-02,-1.609519e-01,4.991360e-02,0.000000e+00
-2.208825e-02,5.000000e-01,5.000000e-01,5.000000e-02,-1.608478e-01,5.022905e-02,0.000000e+00
-2.225156e-02,5.000000e-01,5.010000e-01,5.000000e-02,-1.607124e-01,5.055074e-02,0.000000e+00
-2.241488e-02,5.000000e-01,5.020000e-01,5.000000e-02,-1.605770e-01,5.087244e-02,0.000000e+00
-2.257820e-02,5.000000e-01,5.030000e-01,5.000000e-02,-1.604416e-01,5.119415e-02,0.000000e+00
-2.274151e-02,5.000000e-01,5.040000e-01,5.000000e-02,-1.603062e-01,5.151585e-02,0.000000e+00
-2.290482e-02,5.000000e-01,5.050000e-01,5.000000e-02,-1.601708e-01,5.183754e-02,0.000000e+00
-2.306814e-02,5.000000e-01,5.060000e-01,5.000000e-02,-1.600354e-01,5.215924e-02,0.000000e+00
-2.323146e-02,5.000000e-01,5.070000e-01,5.000000e-02,-1.599000e-01,5.248095e-02,0.000000e+00
-2.339548e-02,5.000000e-01,5.080000e-01,5.000000e-02,-1.597586e-01,5.280371e-02,0.000000e+00
-2.356252e-02,5.000000e-01,5.090000e-01,5.000000e-02,-1.595912e-01,5.313106e-02,0.000000e+00
-2.372958e-02,5.000000e-01,5.100000e-01,5.000000e-02,-1.594238e-01,5.345840e-02,0.000000e+00
-2.389663e-02,5.000000e-01,5.110000e-01,5.000000e-02,-1.592564e-01,5.378575e-02,0.000000e+00
-2.406369e-02,5.000000e-01,5.120000e-01,5.000000e-02,-1.590890e-01,5.411311e-02,0.000000e+00
-2.423074e-02,5.000000e-01,5.130000e-01,5.000000e-02,-1.589217e-01,5.444046e-02,0.000000e+00
-2.439779e-02,5.000000e-01,5.140000e-01,5.000000e-02,-1.587543e-01,5.476781e-02,0.000000e+00
-2.456484e-02,5.000000e-01,5.150000e-01,5.000000e-02,-1.585869e-01,5.509515e-02,0.000000e+00
-2.473320e-02,5.000000e-01,5.160000e-01,5.000000e-02,-1.584072e-01,5.542438e-02,0.000000e+00
-2.490374e-02,5.000000e-01,5.170000e-01,5.000000e-02,-1.582070e-01,5.575676e-02,0.000000e+00
-2.507428e-02,5.000000e-01,5.180000e-01,5.000000e-02,-1.580069e-01,5.608911e-02,0.000000e+00
-2.524481e-02,5.000000e-01,5.190000e-01,5.000000e-02,-1.578067e-01,5.642147e-02,0.000000e+00
-2.541535e-02,5.000000e-01,5.200000e-01,5.000000e-02,-1.576066e-01,5.675383e-02,0.000000e+00
-2.558589e-02,5.000000e-01,5.210000e-01,5.000000e-02,-1.574064e-01,5.708620e-02,0.000000e+00
-2.575643e-02,5.000000e-01,5.220000e-01,5.000000e-02,-1.572062e-01,5.741856e-02,0.000000e+00
-2.592696e-02,5.000000e-01,5.230000e-01,5.000000e-02,-1.570061e-01,5.775091e-02,0.000000e+00
-2.609930e-02,5.000000e-01,5.240000e-01,5.000000e-02,-1.567872e-01,5.808570e-02,0.000000e+00
-2.627304e-02,5.000000e-01,5.250000e-01,5.000000e-02,-1.565537e-01,5.842238e-02,0.000000e+00
-2.644679e-02,5.000000e-01,5.260000e-01,5.000000e-02,-1.563202e-01,5.875908e-02,0.000000e+00
-2.662053e-02,5.000000e-01,5.270000e-01,5.000000e-02,-1.560868e-01,5.909576e-02,0.000000e+00
-2.679427e-02,5.000000e-01,5.280000e-01,5.000000e-02,-1.558533e-01,5.943243e-02,0.000000e+00
-2.696801e-02,5.000000e-01,5.290000e-01,5.000000e-02,-1.556198e-01,5.976911e-02,0.000000e+00
-2.714174e-02,5.000000e-01,5.300000e-01,5.000000e-02,-1.553863e-01,6.010579e-02,0.000000e+00
-2.731549e-02,5.000000e-01,5.310000e-01,5.000000e-02,-1.551529e-01,6.044248e-02,0.000000e+00
-2.749140e-02,5.000000e-01,5.320000e-01,5.000000e-02,-1.548940e-01,6.078186e-02,0.000000e+00
-2.766803e-02,5.000000e-01,5.330000e-01,5.000000e-02,-1.546267e-01,6.112212e-02,0.000000e+00
-2.784465e-02,5.000000e-01,5.340000e-01,5.000000e-02,-1.543594e-01,6.146239e-02,0.000000e+00
-2.802129e-02,5.000000e-01,5.350000e-01,5.000000e-02,-1.540920e-01,6.180268e-02,0.000000e+00
-2.819792e-02,5.000000e-01,5.360000e-01,5.000000e-02,-1.538247e-01,6.214295e-02,0.000000e+00
-2.837455e-02,5.000000e-01,5.370000e-01,5.000000e-02,-1.535574e-01,6.248321e-02,0.000000e+00
-2.855118e-02,5.000000e-01,5.380000e-01,5.000000e-02,-1.532900e-01,6.282348e-02,0.000000e+00
-2.872781e-02,5.000000e-01,5.390000e-01,5.000000e-02,-1.530227e-01,6.316374e-02,0.000000e+00
-2.890685e-02,5.000000e-01,5.400000e-01,5.000000e-02,-1.527232e-01,6.350667e-02,0.000000e+00
-2.908605e-02,5.000000e-01,5.410000e-01,5.000000e-02,-1.524216e-01,6.384975e-02,0.000000e+00
-2.926525e-02,5.000000e-01,5.420000e-01,5.000000e-02,-1.521200e-01,6.419284e-02,0.000000e+00
-2.944445e-02,5.000000e-01,5.430000e-01,5.000000e-02,-1.518183e-01,6.453592e-02,0.000000e+00
-2.962366e-02,5.000000e-01,5.440000e-01,5.000000e-02,-1.515167e-01,6.487903e-02,0.000000e+00
-2.980285e-02,5.000000e-01,5.450000e-01,5.000000e-02,-1.512151e-01,6.522211e-02,0.000000e+00
-2.998205e-02,5.000000e-01,5.460000e-01,5.000000e-02,-1.509134e-01,6.556520e-02,0.000000e+00
-3.016153e-02,5.000000e-01,5.470000e-01,5.000000e-02,-1.506075e-01,6.590853e-02,0.000000e+00
-3.034294e-02,5.000000e-01,5.480000e-01,5.000000e-02,-1.502712e-01,6.625362e-02,0.000000e+00
-3.052436e-02,5.000000e-01,5.490000e-01,5.000000e-02,-1.499349e-01,6.659874e-02,0.000000e+00
-3.070577e-02,5.000000e-01,5.500000e-01,5.000000e-02,-1.495986e-01,6.694382e-02,0.000000e+00
-3.088718e-02,5.000000e-01,5.510000e-01,5.000000e-02,-1.492623e-01,6.728891e-02,0.000000e+00
-3.106860e-02,5.000000e-01,5.520000e-01,5.000000e-02,-1.489260e-01,6.763400e-02,0.000000e+00
-3.125001e-02,5.000000e-01,5.530000e-01,5.000000e-02,-1.485897e-01,6.797909e-02,0.000000e+00
-3.143143e-02,5.000000e-01,5.540000e-01,5.000000e-02,-1.482534e-01,6.832420e-02,0.000000e+00
-3.161341e-02,5.000000e-01,5.550000e-01,5.000000e-02,-1.479062e-01,6.866965e-02,0.000000e+00
-3.179666e-02,5.000000e-01,5.560000e-01,5.000000e-02,-1.475350e-01,6.901591e-02,0.000000e+00
-3.197990e-02,5.000000e-01,5.570000e-01,5.000000e-02,-1.471638e-01,6.936215e-02,0.000000e+00
-3.216315e-02,5.000000e-01,5.580000e-01,5.000000e-02,-1.467925e-01,6.970842e-02,0.000000e+00
-3.234639e-02,5.000000e-01,5.590000e-01,5.000000e-02,-1.464213e-01,7.005467e-02,0.000000e+00
-3.252964e-02,5.000000e-01,5.600000e-01,5.000000e-02,-1.460501e-01,7.040092e-02,0.000000e+00
-3.271288e-02,5.000000e-01,5.610000e-01,5.000000e-02,-1.456789e-01,7.074717e-02,0.000000e+00
-3.289612e-02,5.000000e-01,5.620000e-01,5.000000e-02,-1.453076e-01,7.109341e-02,0.000000e+00
-3.308010e-02,5.000000e-01,5.630000e-01,5.000000e-02,-1.449188e-01,7.143982e-02,0.000000e+00
-3.326479e-02,5.000000e-01,5.640000e-01,5.000000e-02,-1.445125e-01,7.178634e-02,0.000000e+00
-3.344947e-02,5.000000e-01,5.650000e-01,5.000000e-02,-1.441062e-01,7.213286e-02,0.000000e+00
-3.363416e-02,5.000000e-01,5.660000e-01,5.000000e-02,-1.436998e-01,7.247938e-02,0.000000e+00
-3.381884e-02,5.000000e-01,5.670000e-01,5.000000e-02,-1.432935e-01,7.282590e-02,0.000000e+00
-3.400354e-02,5.000000e-01,5.680000e-01,5.000000e-02,-1.428871e-01,7.317244e-02,0.000000e+00
-3.418822e-02,5.000000e-01,5.690000e-01,5.000000e-02,-1.424808e-01,7.351896e-02,0.000000e+00
-3.437291e-02,5.000000e-01,5.700000e-01,5.000000e-02,-1.420745e-01,7.386548e-02,0.000000e+00
-3.455830e-02,5.000000e-01,5.710000e-01,5.000000e-02,-1.416440e-01,7.421156e-02,0.000000e+00
-3.474404e-02,5.000000e-01,5.720000e-01,5.000000e-02,-1.412024e-01,7.455746e-02,0.000000e+00
-3.492975e-02,5.000000e-01,5.730000e-01,5.000000e-02,-1.407609e-01,7.490335e-02,0.000000e+00
-3.511547e-02,5.000000e-01,5.740000e-01,5.000000e-02,-1.403193e-01,7.524922e-02,0.000000e+00
-3.530119e-02,5.000000e-01,5.750000e-01,5.000000e-02,-1.398778e-01,7.559510e-02,0.000000e+00
-3.548691e-02,5.000000e-01,5.760000e-01,5.000000e-02,-1.394363e-01,7.594098e-02,0.000000e+00
-3.567264e-02,5.000000e-01,5.770000e-01,5.000000e-02,-1.389947e-01,7.628688e-02,0.000000e+00
-3.585836e-02,5.000000e-01,5.780000e-01,5.000000e-02,-1.385532e-01,7.663276e-02,0.000000e+00
-3.604461e-02,5.000000e-01,5.790000e-01,5.000000e-02,-1.380809e-01,7.697725e-02,0.000000e+00
-3.623092e-02,5.000000e-01,5.800000e-01,5.000000e-02,-1.376043e-01,7.732154e-02,0.000000e+00
-3.641724e-02,5.000000e-01,5.810000e-01,5.000000e-02,-1.371276e-01,7.766583e-02,0.000000e+00
-3.660357e-02,5.000000e-01,5.820000e-01,5.000000e-02,-1.366509e-01,7.801013e-02,0.000000e+00
-3.678989e-02,5.000000e-01,5.830000e-01,5.000000e-02,-1.361742e-01,7.835442e-02,0.000000e+00
-3.697620e-02,5.000000e-01,5.840000e-01,5.000000e-02,-1.356976e-01,7.869871e-02,0.000000e+00
-3.716252e-02,5.000000e-01,5.850000e-01,5.000000e-02,-1.352209e-01,7.904299e-02,0.000000e+00
-3.734886e-02,5.000000e-01,5.860000e-01,5.000000e-02,-1.347420e-01,7.938714e-02,0.000000e+00
-3.753532e-02,5.000000e-01,5.870000e-01,5.000000e-02,-1.342303e-01,7.972887e-02,0.000000e+00
-3.772179e-02,5.000000e-01,5.880000e-01,5.000000e-02,-1.337186e-01,8.007059e-02,0.000000e+00
-3.790826e-02,5.000000e-01,5.890000e-01,5.000000e-02,-1.332069e-01,8.041232e-02,0.000000e+00
-3.809473e-02,5.000000e-01,5.900000e-01,5.000000e-02,-1.326952e-01,8.075405e-02,0.000000e+00
-3.828121e-02,5.000000e-01,5.910000e-01,5.000000e-02,-1.321834e-01,8.109579e-02,0.000000e+00
-3.846768e-02,5.000000e-01,5.920000e-01,5.000000e-02,-1.316717e-01,8.143752e-02,0.000000e+00
-3.865414e-02,5.000000e-01,5.930000e-01,5.000000e-02,-1.311600e-01,8.177925e-02,0.000000e+00
-3.884054e-02,5.000000e-01,5.940000e-01,5.000000e-02,-1.306396e-01,8.212009e-02,0.000000e+00
-3.902671e-02,5.000000e-01,5.950000e-01,5.000000e-02,-1.300930e-01,8.245829e-02,0.000000e+00
-3.921287e-02,5.000000e-01,5.960000e-01,5.000000e-02,-1.295463e-01,8.279646e-02,0.000000e+00
-3.939903e-02,5.000000e-01,5.970000e-01,5.000000e-02,-1.289997e-01,8.313464e-02,0.000000e+00
-3.958519e-02,5.000000e-01,5.980000e-01,5.000000e-02,-1.284531e-01,8.347282e-02,0.000000e+00
-3.977135e-02,5.000000e-01,5.990000e-01,5.000000e-02,-1.279065e-01,8.381100e-02,0.000000e+00
-3.995753e-02,5.000000e-01,6.000000e-01,5.000000e-02,-1.273598e-01,8.414920e-02,0.000000e+00
-4.014369e-02,5.000000e-01,6.010000e-01,5.000000e-02,-1.268132e-01,8.448738e-02,0.000000e+00
-4.032951e-02,5.000000e-01,6.020000e-01,5.000000e-02,-1.262515e-01,8.482356e-02,0.000000e+00
-4.051489e-02,5.000000e-01,6.030000e-01,5.000000e-02,-1.256702e-01,8.515716e-02,0.000000e+00
-4.070028e-02,5.000000e-01,6.040000e-01,5.000000e-02,-1.250890e-01,8.549076e-02,0.000000e+00
-4.088568e-02,5.000000e-01,6.050000e-01,5.000000e-02,-1.245077e-01,8.582439e-02,0.000000e+00
-4.107106e-02,5.000000e-01,6.060000e-01,5.000000e-02,-1.239265e-01,8.615799e-02,0.000000e+00
-4.125645e-02,5.000000e-01,6.070000e-01,5.000000e-02,-1.233452e-01,8.649160e-02,0.000000e+00
-4.144184e-02,5.000000e-01,6.080000e-01,5.000000e-02,-1.227640e-01,8.682521e-02,0.000000e+00
-4.162724e-02,5.000000e-01,6.090000e-01,5.000000e-02,-1.221827e-01,8.715883e-02,0.000000e+00
-4.181184e-02,5.000000e-01,6.100000e-01,5.000000e-02,-1.215800e-01,8.748893e-02,0.000000e+00
-4.199596e-02,5.000000e-01,6.110000e-01,5.000000e-02,-1.209645e-01,8.781692e-02,0.000000e+00
-4.218009e-02,5.000000e-01,6.120000e-01,5.000000e-02,-1.203490e-01,8.814492e-02,0.000000e+00
-4.236422e-02,5.000000e-01,6.130000e-01,5.000000e-02,-1.197335e-01,8.847292e-02,0.000000e+00
-4.254836e-02,5.000000e-01,6.140000e-01,5.000000e-02,-1.191180e-01,8.880093e-02,0.000000e+00
-4.273249e-02,5.000000e-01,6.150000e-01,5.000000e-02,-1.185024e-01,8.912893e-02,0.000000e+00
-4.291662e-02,5.000000e-01,6.160000e-01,5.000000e-02,-1.178869e-01,8.945692e-02,0.000000e+00
-4.310075e-02,5.000000e-01,6.170000e-01,5.000000e-02,-1.172714e-01,8.978492e-02,0.000000e+00
-4.328346e-02,5.000000e-01,6.180000e-01,5.000000e-02,-1.166283e-01,9.010750e-02,0.000000e+00
-4.346586e-02,5.000000e-01,6.190000e-01,5.000000e-02,-1.159789e-01,9.042885e-02,0.000000e+00
-4.364826e-02,5.000000e-01,6.200000e-01,5.000000e-02,-1.153294e-01,9.075018e-02,0.000000e+00
-4.383065e-02,5.000000e-01,6.210000e-01,5.000000e-02,-1.146800e-01,9.107151e-02,0.000000e+00
-4.401304e-02,5.000000e-01,6.220000e-01,5.000000e-02,-1.140306e-01,9.139284e-02,0.000000e+00
-4.419544e-02,5.000000e-01,6.230000e-01,5.000000e-02,-1.133811e-01,9.171419e-02,0.000000e+00
-4.437783e-02,5.000000e-01,6.240000e-01,5.000000e-02,-1.127317e-01,9.203552e-02,0.000000e+00
-4.456022e-02,5.000000e-01,6.250000e-01,5.000000e-02,-1.120823e-01,9.235685e-02,0.000000e+00
-4.474039e-02,5.000000e-01,6.260000e-01,5.000000e-02,-1.113994e-01,9.267046e-02,0.000000e+00
-4.492056e-02,5.000000e-01,6.270000e-01,5.000000e-02,-1.107166e-01,9.298406e-02,0.000000e+00
-4.510074e-02,5.000000e-01,6.280000e-01,5.000000e-02,-1.100337e-01,9.329768e-02,0.000000e+00
-4.528092e-02,5.000000e-01,6.290000e-01,5.000000e-02,-1.093509e-01,9.361128e-02,0.000000e+00
-4.546109e-02,5.000000e-01,6.300000e-01,5.000000e-02,-1.086680e-01,9.392488e-02,0.000000e+00
-4.564126e-02,5.000000e-01,6.310000e-01,5.000000e-02,-1.079852e-01,9.423848e-02,0.000000e+00
-4.582144e-02,5.000000e-01,6.320000e-01,5.000000e-02,-1.073023e-01,9.455211e-02,0.000000e+00
-4.600110e-02,5.000000e-01,6.330000e-01,5.000000e-02,-1.066133e-01,9.486406e-02,0.000000e+00
-4.617856e-02,5.000000e-01,6.340000e-01,5.000000e-02,-1.058975e-01,9.516886e-02,0.000000e+00
-4.635602e-02,5.000000e-01,6.350000e-01,5.000000e-02,-1.051818e-01,9.547366e-02,0.000000e+00
-4.653348e-02,5.000000e-01,6.360000e-01,5.000000e-02,-1.044661e-01,9.577847e-02,0.000000e+00
-4.671095e-02,5.000000e-01,6.370000e-01,5.000000e-02,-1.037503e-01,9.608328e-02,0.000000e+00
-4.688841e-02,5.000000e-01,6.380000e-01,5.000000e-02,-1.030345e-01,9.638809e-02,0.000000e+00
-4.706587e-02,5.000000e-01,6.390000e-01,5.000000e-02,-1.023188e-01,9.669289e-02,0.000000e+00
-4.724333e-02,5.000000e-01,6.400000e-01,5.000000e-02,-1.016030e-01,9.699769e-02,0.000000e+00
-4.741960e-02,5.000000e-01,6.410000e-01,5.000000e-02,-1.008751e-01,9.729879e-02,0.000000e+00
-4.759387e-02,5.000000e-01,6.420000e-01,5.000000e-02,-1.001269e-01,9.759372e-02,0.000000e+00
-4.776812e-02,5.000000e-01,6.430000e-01,5.000000e-02,-9.937874e-02,9.788863e-02,0.000000e+00
-4.794239e-02,5.000000e-01,6.440000e-01,5.000000e-02,-9.863058e-02,9.818355e-02,0.000000e+00
-4.811664e-02,5.000000e-01,6.450000e-01,5.000000e-02,-9.788240e-02,9.847846e-02,0.000000e+00
-4.829092e-02,5.000000e-01,6.460000e-01,5.000000e-02,-9.713419e-02,9.877340e-02,0.000000e+00
-4.846517e-02,5.000000e-01,6.470000e-01,5.000000e-02,-9.638602e-02,9.906831e-02,0.000000e+00
-4.863944e-02,5.000000e-01,6.480000e-01,5.000000e-02,-9.563785e-02,9.936322e-02,0.000000e+00
-4.881163e-02,5.000000e-01,6.490000e-01,5.000000e-02,-9.487177e-02,9.965195e-02,0.000000e+00
-4.898221e-02,5.000000e-01,6.500000e-01,5.000000e-02,-9.409174e-02,9.993584e-02,0.000000e+00
-4.915280e-02,5.000000e-01,6.510000e-01,5.000000e-02,-9.331167e-02,1.002198e-01,0.000000e+00
-4.932339e-02,5.000000e-01,6.520000e-01,5.000000e-02,-9.253165e-02,1.005037e-01,0.000000e+00
-4.949397e-02,5.000000e-01,6.530000e-01,5.000000e-02,-9.175163e-02,1.007876e-01,0.000000e+00
-4.966455e-02,5.000000e-01,6.540000e-01,5.000000e-02,-9.097160e-02,1.010715e-01,0.000000e+00
-4.983514e-02,5.000000e-01,6.550000e-01,5.000000e-02,-9.019159e-02,1.013554e-01,0.000000e+00
-5.000573e-02,5.000000e-01,6.560000e-01,5.000000e-02,-8.941152e-02,1.016393e-01,0.000000e+00
-5.017320e-02,5.000000e-01,6.570000e-01,5.000000e-02,-8.860801e-02,1.019141e-01,0.000000e+00
-5.033963e-02,5.000000e-01,6.580000e-01,5.000000e-02,-8.779668e-02,1.021859e-01,0.000000e+00
-5.050606e-02,5.000000e-01,6.590000e-01,5.000000e-02,-8.698536e-02,1.024577e-01,0.000000e+00
-5.067250e-02,5.000000e-01,6.600000e-01,5.000000e-02,-8.617397e-02,1.027296e-01,0.000000e+00
-5.083893e-02,5.000000e-01,6.610000e-01,5.000000e-02,-8.536264e-02,1.030014e-01,0.000000e+00
-5.100536e-02,5.000000e-01,6.620000e-01,5.000000e-02,-8.455131e-02,1.032732e-01,0.000000e+00
-5.117179e-02,5.000000e-01,6.630000e-01,5.000000e-02,-8.373999e-02,1.035450e-01,0.000000e+00
-5.133822e-02,5.000000e-01,6.640000e-01,5.000000e-02,-8.292866e-02,1.038168e-01,0.000000e+00
-5.150032e-02,5.000000e-01,6.650000e-01,5.000000e-02,-8.208841e-02,1.040763e-01,0.000000e+00
-5.166213e-02,5.000000e-01,6.660000e-01,5.000000e-02,-8.124629e-02,1.043349e-01,0.000000e+00
-5.182394e-02,5.000000e-01,6.670000e-01,5.000000e-02,-8.040418e-02,1.045936e-01,0.000000e+00
-5.198574e-02,5.000000e-01,6.680000e-01,5.000000e-02,-7.956206e-02,1.048522e-01,0.000000e+00
-5.214756e-02,5.000000e-01,6.690000e-01,5.000000e-02,-7.871990e-02,1.051109e-01,0.000000e+00
-5.230936e-02,5.000000e-01,6.700000e-01,5.000000e-02,-7.787778e-02,1.053695e-01,0.000000e+00
-5.247117e-02,5.000000e-01,6.710000e-01,5.000000e-02,-7.703566e-02,1.056282e-01,0.000000e+00
-5.263234e-02,5.000000e-01,6.720000e-01,5.000000e-02,-7.618976e-02,1.058850e-01,0.000000e+00
-5.278907e-02,5.000000e-01,6.730000e-01,5.000000e-02,-7.531735e-02,1.061293e-01,0.000000e+00
-5.294581e-02,5.000000e-01,6.740000e-01,5.000000e-02,-7.444488e-02,1.063736e-01,0.000000e+00
-5.310254e-02,5.000000e-01,6.750000e-01,5.000000e-02,-7.357247e-02,1.066179e-01,0.000000e+00
-5.325927e-02,5.000000e-01,6.760000e-01,5.000000e-02,-7.270006e-02,1.068622e-01,0.000000e+00
-5.341600e-02,5.000000e-01,6.770000e-01,5.000000e-02,-7.182765e-02,1.071065e-01,0.000000e+00
-5.357273e-02,5.000000e-01,6.780000e-01,5.000000e-02,-7.095523e-02,1.073508e-01,0.000000e+00
-5.372947e-02,5.000000e-01,6.790000e-01,5.000000e-02,-7.008277e-02,1.075951e-01,0.000000e+00
-5.388448e-02,5.000000e-01,6.800000e-01,5.000000e-02,-6.920102e-02,1.078345e-01,0.000000e+00
-5.403568e-02,5.000000e-01,6.810000e-01,5.000000e-02,-6.829874e-02,1.080633e-01,0.000000e+00
-5.418689e-02,5.000000e-01,6.820000e-01,5.000000e-02,-6.739646e-02,1.082921e-01,0.000000e+00
-5.433810e-02,5.000000e-01,6.830000e-01,5.000000e-02,-6.649412e-02,1.085209e-01,0.000000e+00
-5.448930e-02,5.000000e-01,6.840000e-01,5.000000e-02,-6.559184e-02,1.087497e-01,0.000000e+00
-5.464051e-02,5.000000e-01,6.850000e-01,5.000000e-02,-6.468955e-02,1.089785e-01,0.000000e+00
-5.479171e-02,5.000000e-01,6.860000e-01,5.000000e-02,-6.378727e-02,1.092073e-01,0.000000e+00
-5.494292e-02,5.000000e-01,6.870000e-01,5.000000e-02,-6.288499e-02,1.094361e-01,0.000000e+00
-5.509115e-02,5.000000e-01,6.880000e-01,5.000000e-02,-6.196788e-02,1.096566e-01,0.000000e+00
-5.523640e-02,5.000000e-01,6.890000e-01,5.000000e-02,-6.103604e-02,1.098689e-01,0.000000e+00
-5.538165e-02,5.000000e-01,6.900000e-01,5.000000e-02,-6.010420e-02,1.100811e-01,0.000000e+00
-5.552690e-02,5.000000e-01,6.910000e-01,5.000000e-02,-5.917237e-02,1.102934e-01,0.000000e+00
-5.567215e-02,5.000000e-01,6.920000e-01,5.000000e-02,-5.824053e-02,1.105056e-01,0.000000e+00
-5.581741e-02,5.000000e-01,6.930000e-01,5.000000e-02,-5.730863e-02,1.107179e-01,0.000000e+00
-5.596266e-02,5.000000e-01,6.940000e-01,5.000000e-02,-5.637680e-02,1.109302e-01,0.000000e+00
-5.610791e-02,5.000000e-01,6.950000e-01,5.000000e-02,-5.544496e-02,1.111424e-01,0.000000e+00
-5.624878e-02,5.000000e-01,6.960000e-01,5.000000e-02,-5.449294e-02,1.113425e-01,0.000000e+00
-5.638766e-02,5.000000e-01,6.970000e-01,5.000000e-02,-5.353169e-02,1.115370e-01,0.000000e+00
-5.652654e-02,5.000000e-01,6.980000e-01,5.000000e-02,-5.257050e-02,1.117315e-01,0.000000e+00
-5.666542e-02,5.000000e-01,6.990000e-01,5.000000e-02,-5.160930e-02,1.119261e-01,0.000000e+00
-5.680430e-02,5.000000e-01,7.000000e-01,5.000000e-02,-5.064810e-02,1.121206e-01,0.000000e+00
-5.694318e-02,5.000000e-01,7.010000e-01,5.000000e-02,-4.968691e-02,1.123151e-01,0.000000e+00
-5.708206e-02,5.000000e-01,7.020000e-01,5.000000e-02,-4.872566e-02,1.125097e-01,0.000000e+00
-5.722094e-02,5.000000e-01,7.030000e-01,5.000000e-02,-4.776447e-02,1.127042e-01,0.000000e+00
-5.735389e-02,5.000000e-01,7.040000e-01,5.000000e-02,-4.677761e-02,1.128822e-01,0.000000e+00
-5.748599e-02,5.000000e-01,7.050000e-01,5.000000e-02,-4.578710e-02,1.130578e-01,0.000000e+00
-5.761809e-02,5.000000e-01,7.060000e-01,5.000000e-02,-4.479658e-02,1.132334e-01,0.000000e+00
-5.775020e-02,5.000000e-01,7.070000e-01,5.000000e-02,-4.380600e-02,1.134090e-01,0.000000e+00
-5.788230e-02,5.000000e-01,7.080000e-01,5.000000e-02,-4.281548e-02,1.135846e-01,0.000000e+00
-5.801440e-02,5.000000e-01,7.090000e-01,5.000000e-02,-4.182496e-02,1.137602e-01,0.000000e+00
-5.814650e-02,5.000000e-01,7.100000e-01,5.000000e-02,-4.083445e-02,1.139359e-01,0.000000e+00
-5.827816e-02,5.000000e-01,7.110000e-01,5.000000e-02,-3.984202e-02,1.141102e-01,0.000000e+00
-5.840310e-02,5.000000e-01,7.120000e-01,5.000000e-02,-3.882203e-02,1.142658e-01,0.000000e+00
-5.852804e-02,5.000000e-01,7.130000e-01,5.000000e-02,-3.780203e-02,1.144214e-01,0.000000e+00
-5.865298e-02,5.000000e-01,7.140000e-01,5.000000e-02,-3.678203e-02,1.145770e-01,0.000000e+00
-5.877792e-02,5.000000e-01,7.150000e-01,5.000000e-02,-3.576204e-02,1.147326e-01,0.000000e+00
-5.890287e-02,5.000000e-01,7.160000e-01,5.000000e-02,-3.474198e-02,1.148881e-01,0.000000e+00
-5.902781e-02,5.000000e-01,7.170000e-01,5.000000e-02,-3.372198e-02,1.150437e-01,0.000000e+00
-5.915274e-02,5.000000e-01,7.180000e-01,5.000000e-02,-3.270199e-02,1.151993e-01,0.000000e+00
-5.927580e-02,5.000000e-01,7.190000e-01,5.000000e-02,-3.167452e-02,1.153496e-01,0.000000e+00
-5.939321e-02,5.000000e-01,7.200000e-01,5.000000e-02,-3.062457e-02,1.154839e-01,0.000000e+00
-5.951062e-02,5.000000e-01,7.210000e-01,5.000000e-02,-2.957468e-02,1.156182e-01,0.000000e+00
-5.962802e-02,5.000000e-01,7.220000e-01,5.000000e-02,-2.852479e-02,1.157525e-01,0.000000e+00
-5.974543e-02,5.000000e-01,7.230000e-01,5.000000e-02,-2.747491e-02,1.158868e-01,0.000000e+00
-5.986284e-02,5.000000e-01,7.240000e-01,5.000000e-02,-2.642502e-02,1.160211e-01,0.000000e+00
-5.998025e-02,5.000000e-01,7.250000e-01,5.000000e-02,-2.537507e-02,1.161554e-01,0.000000e+00
-6.009766e-02,5.000000e-01,7.260000e-01,5.000000e-02,-2.432518e-02,1.162897e-01,0.000000e+00
-6.021162e-02,5.000000e-01,7.270000e-01,5.000000e-02,-2.326190e-02,1.164142e-01,0.000000e+00
-6.032114e-02,5.000000e-01,7.280000e-01,5.000000e-02,-2.218140e-02,1.165260e-01,0.000000e+00
-6.043067e-02,5.000000e-01,7.290000e-01,5.000000e-02,-2.110091e-02,1.166378e-01,0.000000e+00
-6.054020e-02,5.000000e-01,7.300000e-01,5.000000e-02,-2.002035e-02,1.167496e-01,0.000000e+00
-6.064972e-02,5.000000e-01,7.310000e-01,5.000000e-02,-1.893985e-02,1.168614e-01,0.000000e+00
-6.075925e-02,5.000000e-01,7.320000e-01,5.000000e-02,-1.785935e-02,1.169732e-01,0.000000e+00
-6.086877e-02,5.000000e-01,7.330000e-01,5.000000e-02,-1.677885e-02,1.170850e-01,0.000000e+00
-6.097830e-02,5.000000e-01,7.340000e-01,5.000000e-02,-1.569829e-02,1.171968e-01,0.000000e+00
-6.108269e-02,5.000000e-01,7.350000e-01,5.000000e-02,-1.459800e-02,1.172939e-01,0.000000e+00
-6.118400e-02,5.000000e-01,7.360000e-01,5.000000e-02,-1.348583e-02,1.173820e-01,0.000000e+00
-6.128531e-02,5.000000e-01,7.370000e-01,5.000000e-02,-1.237366e-02,1.174702e-01,0.000000e+00
-6.138662e-02,5.000000e-01,7.380000e-01,5.000000e-02,-1.126149e-02,1.175583e-01,0.000000e+00
-6.148793e-02,5.000000e-01,7.390000e-01,5.000000e-02,-1.014926e-02,1.176465e-01,0.000000e+00
-6.158924e-02,5.000000e-01,7.400000e-01,5.000000e-02,-9.037094e-03,1.177346e-01,0.000000e+00
-6.169055e-02,5.000000e-01,7.410000e-01,5.000000e-02,-7.924926e-03,1.178228e-01,0.000000e+00
-6.179186e-02,5.000000e-01,7.420000e-01,5.000000e-02,-6.812760e-03,1.179110e-01,0.000000e+00
-6.188622e-02,5.000000e-01,7.430000e-01,5.000000e-02,-5.673653e-03,1.179788e-01,0.000000e+00
-6.197899e-02,5.000000e-01,7.440000e-01,5.000000e-02,-4.528261e-03,1.180421e-01,0.000000e+00
-6.207175e-02,5.000000e-01,7.450000e-01,5.000000e-02,-3.382938e-03,1.181052e-01,0.000000e+00
-6.216452e-02,5.000000e-01,7.460000e-01,5.000000e-02,-2.237614e-03,1.181685e-01,0.000000e+00
-6.225728e-02,5.000000e-01,7.470000e-01,5.000000e-02,-1.092290e-03,1.182316e-01,0.000000e+00
-6.235005e-02,5.000000e-01,7.480000e-01,5.000000e-02,5.310222e-05,1.182948e-01,0.000000e+00
-6.244281e-02,5.000000e-01,7.490000e-01,5.000000e-02,1.198426e-03,1.183581e-01,0.000000e+00
-6.253558e-02,5.000000e-01,7.500000e-01,5.000000e-02,2.343750e-03,1.184212e-01,0.000000e+00
-6.261949e-02,5.000000e-01,7.510000e-01,5.000000e-02,3.524216e-03,1.184581e-01,0.000000e+00
-6.270340e-02,5.000000e-01,7.520000e-01,5.000000e-02,4.704681e-03,1.184950e-01,0.000000e+00
-6.278732e-02,5.000000e-01,7.530000e-01,5.000000e-02,5.885217e-03,1.185319e-01,0.000000e+00
-6.287123e-02,5.000000e-01,7.540000e-01,5.000000e-02,7.065683e-03,1.185688e-01,0.000000e+00
-6.295515e-02,5.000000e-01,7.550000e-01,5.000000e-02,8.246149e-03,1.186057e-01,0.000000e+00
-6.303906e-02,5.000000e-01,7.560000e-01,5.000000e-02,9.426614e-03,1.186426e-01,0.000000e+00
-6.312297e-02,5.000000e-01,7.570000e-01,5.000000e-02,1.060715e-02,1.186795e-01,0.000000e+00
-6.320517e-02,5.000000e-01,7.580000e-01,5.000000e-02,1.179469e-02,1.187112e-01,0.000000e+00
-6.327993e-02,5.000000e-01,7.590000e-01,5.000000e-02,1.301285e-02,1.187206e-01,0.000000e+00
-6.335468e-02,5.000000e-01,7.600000e-01,5.000000e-02,1.423102e-02,1.187299e-01,0.000000e+00
-6.342943e-02,5.000000e-01,7.610000e-01,5.000000e-02,1.544918e-02,1.187392e-01,0.000000e+00
-6.350419e-02,5.000000e-01,7.620000e-01,5.000000e-02,1.666742e-02,1.187485e-01,0.000000e+00
-6.357894e-02,5.000000e-01,7.630000e-01,5.000000e-02,1.788559e-02,1.187578e-01,0.000000e+00
-6.365370e-02,5.000000e-01,7.640000e-01,5.000000e-02,1.910375e-02,1.187671e-01,0.000000e+00
-6.372845e-02,5.000000e-01,7.650000e-01,5.000000e-02,2.032192e-02,1.187764e-01,0.000000e+00
-6.379966e-02,5.000000e-01,7.660000e-01,5.000000e-02,2.155543e-02,1.187749e-01,0.000000e+00
-6.386497e-02,5.000000e-01,7.670000e-01,5.000000e-02,2.281461e-02,1.187552e-01,0.000000e+00
-6.393027e-02,5.000000e-01,7.680000e-01,5.000000e-02,2.407371e-02,1.187356e-01,0.000000e+00
-6.399557e-02,5.000000e-01,7.690000e-01,5.000000e-02,2.533281e-02,1.187159e-01,0.000000e+00
-6.406087e-02,5.000000e-01,7.700000e-01,5.000000e-02,2.659191e-02,1.186963e-01,0.000000e+00
-6.412618e-02,5.000000e-01,7.710000e-01,5.000000e-02,2.785109e-02,1.186766e-01,0.000000e+00
-6.419148e-02,5.000000e-01,7.720000e-01,5.000000e-02,2.911019e-02,1.186570e-01,0.000000e+00
-6.425678e-02,5.000000e-01,7.730000e-01,5.000000e-02,3.036929e-02,1.186373e-01,0.000000e+00
-6.431661e-02,5.000000e-01,7.740000e-01,5.000000e-02,3.165367e-02,1.186006e-01,0.000000e+00
-6.437217e-02,5.000000e-01,7.750000e-01,5.000000e-02,3.295773e-02,1.185505e-01,0.000000e+00
-6.442774e-02,5.000000e-01,7.760000e-01,5.000000e-02,3.426185e-02,1.185005e-01,0.000000e+00
-6.448330e-02,5.000000e-01,7.770000e-01,5.000000e-02,3.556590e-02,1.184505e-01,0.000000e+00
-6.453887e-02,5.000000e-01,7.780000e-01,5.000000e-02,3.686995e-02,1.184004e-01,0.000000e+00
-6.459443e-02,5.000000e-01,7.790000e-01,5.000000e-02,3.817400e-02,1.183504e-01,0.000000e+00
-6.465000e-02,5.000000e-01,7.800000e-01,5.000000e-02,3.947806e-02,1.183003e-01,0.000000e+00
-6.470557e-02,5.000000e-01,7.810000e-01,5.000000e-02,4.078218e-02,1.182503e-01,0.000000e+00
-6.475361e-02,5.000000e-01,7.820000e-01,5.000000e-02,4.212363e-02,1.181763e-01,0.000000e+00
-6.479914e-02,5.000000e-01,7.830000e-01,5.000000e-02,4.347754e-02,1.180943e-01,0.000000e+00
-6.484468e-02,5.000000e-01,7.840000e-01,5.000000e-02,4.483145e-02,1.180124e-01,0.000000e+00
-6.489021e-02,5.000000e-01,7.850000e-01,5.000000e-02,4.618545e-02,1.179304e-01,0.000000e+00
-6.493575e-02,5.000000e-01,7.860000e-01,5.000000e-02,4.753936e-02,1.178485e-01,0.000000e+00
-6.498129e-02,5.000000e-01,7.870000e-01,5.000000e-02,4.889327e-02,1.177665e-01,0.000000e+00
-6.502682e-02,5.000000e-01,7.880000e-01,5.000000e-02,5.024718e-02,1.176846e-01,0.000000e+00
-6.507236e-02,5.000000e-01,7.890000e-01,5.000000e-02,5.160110e-02,1.176026e-01,0.000000e+00
-6.510822e-02,5.000000e-01,7.900000e-01,5.000000e-02,5.300741e-02,1.174893e-01,0.000000e+00
-6.514343e-02,5.000000e-01,7.910000e-01,5.000000e-02,5.441711e-02,1.173738e-01,0.000000e+00
-6.517864e-02,5.000000e-01,7.920000e-01,5.000000e-02,5.582683e-02,1.172583e-01,0.000000e+00
-6.521385e-02,5.000000e-01,7.930000e-01,5.000000e-02,5.723654e-02,1.171429e-01,0.000000e+00
-6.524906e-02,5.000000e-01,7.940000e-01,5.000000e-02,5.864634e-02,1.170274e-01,0.000000e+00
-6.528428e-02,5.000000e-01,7.950000e-01,5.000000e-02,6.005605e-02,1.169120e-01,0.000000e+00
-6.531949e-02,5.000000e-01,7.960000e-01,5.000000e-02,6.146576e-02,1.167965e-01,0.000000e+00
-6.535337e-02,5.000000e-01,7.970000e-01,5.000000e-02,6.288334e-02,1.166767e-01,0.000000e+00
-6.537796e-02,5.000000e-01,7.980000e-01,5.000000e-02,6.435597e-02,1.165262e-01,0.000000e+00
-6.540255e-02,5.000000e-01,7.990000e-01,5.000000e-02,6.582868e-02,1.163758e-01,0.000000e+00
-6.542713e-02,5.000000e-01,8.000000e-01,5.000000e-02,6.730131e-02,1.162253e-01,0.000000e+00
-6.545172e-02,5.000000e-01,8.010000e-01,5.000000e-02,6.877394e-02,1.160748e-01,0.000000e+00
-6.547631e-02,5.000000e-01,8.020000e-01,5.000000e-02,7.024657e-02,1.159244e-01,0.000000e+00
-6.550089e-02,5.000000e-01,8.030000e-01,5.000000e-02,7.171919e-02,1.157739e-01,0.000000e+00
-6.552547e-02,5.000000e-01,8.040000e-01,5.000000e-02,7.319191e-02,1.156234e-01,0.000000e+00
-6.554664e-02,5.000000e-01,8.050000e-01,5.000000e-02,7.468684e-02,1.154615e-01,0.000000e+00
-6.556027e-02,5.000000e-01,8.060000e-01,5.000000e-02,7.623083e-02,1.152744e-01,0.000000e+00
-6.557389e-02,5.000000e-01,8.070000e-01,5.000000e-02,7.777483e-02,1.150873e-01,0.000000e+00
-6.558752e-02,5.000000e-01,8.080000e-01,5.000000e-02,7.931891e-02,1.149001e-01,0.000000e+00
-6.560116e-02,5.000000e-01,8.090000e-01,5.000000e-02,8.086290e-02,1.147130e-01,0.000000e+00
-6.561478e-02,5.000000e-01,8.100000e-01,5.000000e-02,8.240690e-02,1.145258e-01,0.000000e+00
-6.562841e-02,5.000000e-01,8.110000e-01,5.000000e-02,8.395089e-02,1.143387e-01,0.000000e+00
-6.564204e-02,5.000000e-01,8.120000e-01,5.000000e-02,8.549488e-02,1.141516e-01,0.000000e+00
-6.565002e-02,5.000000e-01,8.130000e-01,5.000000e-02,8.707964e-02,1.139452e-01,0.000000e+00
-6.565235e-02,5.000000e-01,8.140000e-01,5.000000e-02,8.870498e-02,1.137196e-01,0.000000e+00
-6.565467e-02,5.000000e-01,8.150000e-01,5.000000e-02,9.033032e-02,1.134940e-01,0.000000e+00
-6.565700e-02,5.000000e-01,8.160000e-01,5.000000e-02,9.195565e-02,1.132684e-01,0.000000e+00
-6.565934e-02,5.000000e-01,8.170000e-01,5.000000e-02,9.358098e-02,1.130428e-01,0.000000e+00
-6.566166e-02,5.000000e-01,8.180000e-01,5.000000e-02,9.520642e-02,1.128172e-01,0.000000e+00
-6.566399e-02,5.000000e-01,8.190000e-01,5.000000e-02,9.683175e-02,1.125916e-01,0.000000e+00
-6.566632e-02,5.000000e-01,8.200000e-01,5.000000e-02,9.845709e-02,1.123660e-01,0.000000e+00
-6.566063e-02,5.000000e-01,8.210000e-01,5.000000e-02,1.001464e-01,1.121128e-01,0.000000e+00
-6.565128e-02,5.000000e-01,8.220000e-01,5.000000e-02,1.018648e-01,1.118471e-01,0.000000e+00
-6.564192e-02,5.000000e-01,8.230000e-01,5.000000e-02,1.035832e-01,1.115814e-01,0.000000e+00
-6.563258e-02,5.000000e-01,8.240000e-01,5.000000e-02,1.053015e-01,1.113156e-01,0.000000e+00
-6.562323e-02,5.000000e-01,8.250000e-01,5.000000e-02,1.070198e-01,1.110499e-01,0.000000e+00
-6.561389e-02,5.000000e-01,8.260000e-01,5.000000e-02,1.087382e-01,1.107842e-01,0.000000e+00
-6.560454e-02,5.000000e-01,8.270000e-01,5.000000e-02,1.104566e-01,1.105184e-01,0.000000e+00
-6.559519e-02,5.000000e-01,8.280000e-01,5.000000e-02,1.121750e-01,1.102527e-01,0.000000e+00
-6.557526e-02,5.000000e-01,8.290000e-01,5.000000e-02,1.139866e-01,1.099503e-01,0.000000e+00
-6.555380e-02,5.000000e-01,8.300000e-01,5.000000e-02,1.158116e-01,1.096427e-01,0.000000e+00
-6.553235e-02,5.000000e-01,8.310000e-01,5.000000e-02,1.176365e-01,1.093351e-01,0.000000e+00
-6.551089e-02,5.000000e-01,8.320000e-01,5.000000e-02,1.194616e-01,1.090275e-01,0.000000e+00
-6.548944e-02,5.000000e-01,8.330000e-01,5.000000e-02,1.212866e-01,1.087199e-01,0.000000e+00
-6.546799e-02,5.000000e-01,8.340000e-01,5.000000e-02,1.231116e-01,1.084123e-01,0.000000e+00
-6.544653e-02,5.000000e-01,8.350000e-01,5.000000e-02,1.249365e-01,1.081046e-01,0.000000e+00
-6.542429e-02,5.000000e-01,8.360000e-01,5.000000e-02,1.267693e-01,1.077943e-01,0.000000e+00
-6.539027e-02,5.000000e-01,8.370000e-01,5.000000e-02,1.287166e-01,1.074430e-01,0.000000e+00
-6.535624e-02,5.000000e-01,8.380000e-01,5.000000e-02,1.306639e-01,1.070916e-01,0.000000e+00
-6.532221e-02,5.000000e-01,8.390000e-01,5.000000e-02,1.326112e-01,1.067403e-01,0.000000e+00
-6.528818e-02,5.000000e-01,8.400000e-01,5.000000e-02,1.345585e-01,1.063890e-01,0.000000e+00
-6.525415e-02,5.000000e-01,8.410000e-01,5.000000e-02,1.365059e-01,1.060376e-01,0.000000e+00
-6.522013e-02,5.000000e-01,8.420000e-01,5.000000e-02,1.384532e-01,1.056863e-01,0.000000e+00
-6.518609e-02,5.000000e-01,8.430000e-01,5.000000e-02,1.404005e-01,1.053350e-01,0.000000e+00
-6.514879e-02,5.000000e-01,8.440000e-01,5.000000e-02,1.423829e-01,1.049723e-01,0.000000e+00
-6.510165e-02,5.000000e-01,8.450000e-01,5.000000e-02,1.444707e-01,1.045756e-01,0.000000e+00
-6.505450e-02,5.000000e-01,8.460000e-01,5.000000e-02,1.465584e-01,1.041789e-01,0.000000e+00
-6.500736e-02,5.000000e-01,8.470000e-01,5.000000e-02,1.486461e-01,1.037822e-01,0.000000e+00
-6.496022e-02,5.000000e-01,8.480000e-01,5.000000e-02,1.507338e-01,1.033854e-01,0.000000e+00
-6.491308e-02,5.000000e-01,8.490000e-01,5.000000e-02,1.528214e-01,1.029887e-01,0.000000e+00
-6.486593e-02,5.000000e-01,8.500000e-01,5.000000e-02,1.549093e-01,1.025920e-01,0.000000e+00
-6.481879e-02,5.000000e-01,8.510000e-01,5.000000e-02,1.569969e-01,1.021953e-01,0.000000e+00
-6.476564e-02,5.000000e-01,8.520000e-01,5.000000e-02,1.591551e-01,1.017780e-01,0.000000e+00
-6.470477e-02,5.000000e-01,8.530000e-01,5.000000e-02,1.614039e-01,1.013343e-01,0.000000e+00
-6.464389e-02,5.000000e-01,8.540000e-01,5.000000e-02,1.636527e-01,1.008906e-01,0.000000e+00
-6.458301e-02,5.000000e-01,8.550000e-01,5.000000e-02,1.659016e-01,1.004468e-01,0.000000e+00
-6.452213e-02,5.000000e-01,8.560000e-01,5.000000e-02,1.681505e-01,1.000031e-01,0.000000e+00
-6.446126e-02,5.000000e-01,8.570000e-01,5.000000e-02,1.703992e-01,9.955936e-02,0.000000e+00
-6.440038e-02,5.000000e-01,8.580000e-01,5.000000e-02,1.726481e-01,9.911564e-02,0.000000e+00
-6.433950e-02,5.000000e-01,8.590000e-01,5.000000e-02,1.748970e-01,9.867189e-02,0.000000e+00
-6.426960e-02,5.000000e-01,8.600000e-01,5.000000e-02,1.772611e-01,9.819782e-02,0.000000e+00
-6.419428e-02,5.000000e-01,8.610000e-01,5.000000e-02,1.796944e-01,9.770554e-02,0.000000e+00
-6.411897e-02,5.000000e-01,8.620000e-01,5.000000e-02,1.821277e-01,9.721327e-02,0.000000e+00
-6.404365e-02,5.000000e-01,8.630000e-01,5.000000e-02,1.845611e-01,9.672099e-02,0.000000e+00
-6.396832e-02,5.000000e-01,8.640000e-01,5.000000e-02,1.869945e-01,9.622869e-02,0.000000e+00
-6.389301e-02,5.000000e-01,8.650000e-01,5.000000e-02,1.894278e-01,9.573641e-02,0.000000e+00
-6.381769e-02,5.000000e-01,8.660000e-01,5.000000e-02,1.918612e-01,9.524414e-02,0.000000e+00
-6.374238e-02,5.000000e-01,8.670000e-01,5.000000e-02,1.942945e-01,9.475186e-02,0.000000e+00
-6.365468e-02,5.000000e-01,8.680000e-01,5.000000e-02,1.968992e-01,9.421913e-02,0.000000e+00
-6.356412e-02,5.000000e-01,8.690000e-01,5.000000e-02,1.995437e-01,9.367702e-02,0.000000e+00
-6.347357e-02,5.000000e-01,8.700000e-01,5.000000e-02,2.021881e-01,9.313495e-02,0.000000e+00
-6.338302e-02,5.000000e-01,8.710000e-01,5.000000e-02,2.048324e-01,9.259288e-02,0.000000e+00
-6.329247e-02,5.000000e-01,8.720000e-01,5.000000e-02,2.074768e-01,9.205081e-02,0.000000e+00
-6.320190e-02,5.000000e-01,8.730000e-01,5.000000e-02,2.101213e-01,9.150870e-02,0.000000e+00
-6.311136e-02,5.000000e-01,8.740000e-01,5.000000e-02,2.127656e-01,9.096663e-02,0.000000e+00
-6.302080e-02,5.000000e-01,8.750000e-01,5.000000e-02,2.154100e-01,9.042455e-02,0.000000e+00
-6.291410e-02,5.000000e-01,8.760000e-01,5.000000e-02,2.182951e-01,8.983181e-02,0.000000e+00
-6.280739e-02,5.000000e-01,8.770000e-01,5.000000e-02,2.211801e-01,8.923906e-02,0.000000e+00
-6.270068e-02,5.000000e-01,8.780000e-01,5.000000e-02,2.240653e-01,8.864629e-02,0.000000e+00
-6.259397e-02,5.000000e-01,8.790000e-01,5.000000e-02,2.269504e-01,8.805354e-02,0.000000e+00
-6.248727e-02,5.000000e-01,8.800000e-01,5.000000e-02,2.298354e-01,8.746079e-02,0.000000e+00
-6.238056e-02,5.000000e-01,8.810000e-01,5.000000e-02,2.327205e-01,8.686805e-02,0.000000e+00
-6.227385e-02,5.000000e-01,8.820000e-01,5.000000e-02,2.356057e-01,8.627526e-02,0.000000e+00
-6.216392e-02,5.000000e-01,8.830000e-01,5.000000e-02,2.385421e-01,8.567295e-02,0.000000e+00
-6.204000e-02,5.000000e-01,8.840000e-01,5.000000e-02,2.417007e-01,8.502916e-02,0.000000e+00
-6.191610e-02,5.000000e-01,8.850000e-01,5.000000e-02,2.448593e-01,8.438537e-02,0.000000e+00
-6.179219e-02,5.000000e-01,8.860000e-01,5.000000e-02,2.480179e-01,8.374157e-02,0.000000e+00
-6.166827e-02,5.000000e-01,8.870000e-01,5.000000e-02,2.511767e-01,8.309774e-02,0.000000e+00
-6.154436e-02,5.000000e-01,8.880000e-01,5.000000e-02,2.543353e-01,8.245394e-02,0.000000e+00
-6.142046e-02,5.000000e-01,8.890000e-01,5.000000e-02,2.574939e-01,8.181015e-02,0.000000e+00
-6.129654e-02,5.000000e-01,8.900000e-01,5.000000e-02,2.606526e-01,8.116636e-02,0.000000e+00
-6.116575e-02,5.000000e-01,8.910000e-01,5.000000e-02,2.639273e-01,8.050355e-02,0.000000e+00
-6.102346e-02,5.000000e-01,8.920000e-01,5.000000e-02,2.673960e-01,7.980899e-02,0.000000e+00
-6.088118e-02,5.000000e-01,8.930000e-01,5.000000e-02,2.708644e-01,7.911447e-02,0.000000e+00
-6.073890e-02,5.000000e-01,8.940000e-01,5.000000e-02,2.743329e-01,7.841995e-02,0.000000e+00
-6.059662e-02,5.000000e-01,8.950000e-01,5.000000e-02,2.778013e-01,7.772544e-02,0.000000e+00
-6.045433e-02,5.000000e-01,8.960000e-01,5.000000e-02,2.812699e-01,7.703088e-02,0.000000e+00
-6.031205e-02,5.000000e-01,8.970000e-01,5.000000e-02,2.847384e-01,7.633637e-02,0.000000e+00
-6.016978e-02,5.000000e-01,8.980000e-01,5.000000e-02,2.882068e-01,7.564185e-02,0.000000e+00
-6.001643e-02,5.000000e-01,8.990000e-01,5.000000e-02,2.918716e-01,7.491952e-02,0.000000e+00
-5.985449e-02,5.000000e-01,9.000000e-01,5.000000e-02,2.956892e-01,7.417555e-02,0.000000e+00
-5.969253e-02,5.000000e-01,9.010000e-01,5.000000e-02,2.995070e-01,7.343154e-02,0.000000e+00
-5.953058e-02,5.000000e-01,9.020000e-01,5.000000e-02,3.033246e-01,7.268757e-02,0.000000e+00
-5.936864e-02,5.000000e-01,9.030000e-01,5.000000e-02,3.071422e-01,7.194360e-02,0.000000e+00
-5.920669e-02,5.000000e-01,9.040000e-01,5.000000e-02,3.109598e-01,7.119963e-02,0.000000e+00
-5.904474e-02,5.000000e-01,9.050000e-01,5.000000e-02,3.147773e-01,7.045567e-02,0.000000e+00
-5.888278e-02,5.000000e-01,9.060000e-01,5.000000e-02,3.185952e-01,6.971166e-02,0.000000e+00
-5.870502e-02,5.000000e-01,9.070000e-01,5.000000e-02,3.227063e-01,6.893250e-02,0.000000e+00
-5.852198e-02,5.000000e-01,9.080000e-01,5.000000e-02,3.269153e-01,6.814162e-02,0.000000e+00
-5.833894e-02,5.000000e-01,9.090000e-01,5.000000e-02,3.311243e-01,6.735075e-02,0.000000e+00
-5.815589e-02,5.000000e-01,9.100000e-01,5.000000e-02,3.353336e-01,6.655981e-02,0.000000e+00
-5.797286e-02,5.000000e-01,9.110000e-01,5.000000e-02,3.395426e-01,6.576893e-02,0.000000e+00
-5.778982e-02,5.000000e-01,9.120000e-01,5.000000e-02,3.437516e-01,6.497806e-02,0.000000e+00
-5.760678e-02,5.000000e-01,9.130000e-01,5.000000e-02,3.479606e-01,6.418718e-02,0.000000e+00
-5.742374e-02,5.000000e-01,9.140000e-01,5.000000e-02,3.521696e-01,6.339630e-02,0.000000e+00
-5.721950e-02,5.000000e-01,9.150000e-01,5.000000e-02,3.567877e-01,6.256530e-02,0.000000e+00
-5.701385e-02,5.000000e-01,9.160000e-01,5.000000e-02,3.614327e-01,6.173168e-02,0.000000e+00
-5.680820e-02,5.000000e-01,9.170000e-01,5.000000e-02,3.660778e-01,6.089807e-02,0.000000e+00
-5.660255e-02,5.000000e-01,9.180000e-01,5.000000e-02,3.707228e-01,6.006445e-02,0.000000e+00
-5.639689e-02,5.000000e-01,9.190000e-01,5.000000e-02,3.753682e-01,5.923078e-02,0.000000e+00
-5.619124e-02,5.000000e-01,9.200000e-01,5.000000e-02,3.800132e-01,5.839716e-02,0.000000e+00
-5.598559e-02,5.000000e-01,9.210000e-01,5.000000e-02,3.846583e-01,5.756355e-02,0.000000e+00
-5.577692e-02,5.000000e-01,9.220000e-01,5.000000e-02,3.893636e-01,5.672537e-02,0.000000e+00
-5.554710e-02,5.000000e-01,9.230000e-01,5.000000e-02,3.944907e-01,5.585530e-02,0.000000e+00
-5.531725e-02,5.000000e-01,9.240000e-01,5.000000e-02,3.996181e-01,5.498518e-02,0.000000e+00
-5.508743e-02,5.000000e-01,9.250000e-01,5.000000e-02,4.047452e-01,5.411511e-02,0.000000e+00
-5.485760e-02,5.000000e-01,9.260000e-01,5.000000e-02,4.098723e-01,5.324505e-02,0.000000e+00
-5.462777e-02,5.000000e-01,9.270000e-01,5.000000e-02,4.149994e-01,5.237498e-02,0.000000e+00
-5.439794e-02,5.000000e-01,9.280000e-01,5.000000e-02,4.201265e-01,5.150491e-02,0.000000e+00
-5.416811e-02,5.000000e-01,9.290000e-01,5.000000e-02,4.252539e-01,5.063479e-02,0.000000e+00
-5.393024e-02,5.000000e-01,9.300000e-01,5.000000e-02,4.305461e-01,4.975613e-02,0.000000e+00
-5.367468e-02,5.000000e-01,9.310000e-01,5.000000e-02,4.362014e-01,4.885860e-02,0.000000e+00
-5.341913e-02,5.000000e-01,9.320000e-01,5.000000e-02,4.418567e-01,4.796106e-02,0.000000e+00
-5.316355e-02,5.000000e-01,9.330000e-01,5.000000e-02,4.475124e-01,4.706347e-02,0.000000e+00
-5.290800e-02,5.000000e-01,9.340000e-01,5.000000e-02,4.531677e-01,4.616593e-02,0.000000e+00
-5.265244e-02,5.000000e-01,9.350000e-01,5.000000e-02,4.588230e-01,4.526839e-02,0.000000e+00
-5.239689e-02,5.000000e-01,9.360000e-01,5.000000e-02,4.644783e-01,4.437086e-02,0.000000e+00
-5.214133e-02,5.000000e-01,9.370000e-01,5.000000e-02,4.701337e-01,4.347332e-02,0.000000e+00
-5.187220e-02,5.000000e-01,9.380000e-01,5.000000e-02,4.760757e-01,4.256819e-02,0.000000e+00
-5.158950e-02,5.000000e-01,9.390000e-01,5.000000e-02,4.823037e-01,4.165556e-02,0.000000e+00
-5.130681e-02,5.000000e-01,9.400000e-01,5.000000e-02,4.885317e-01,4.074294e-02,0.000000e+00
-5.102412e-02,5.000000e-01,9.410000e-01,5.000000e-02,4.947597e-01,3.983032e-02,0.000000e+00
-5.074143e-02,5.000000e-01,9.420000e-01,5.000000e-02,5.009878e-01,3.891770e-02,0.000000e+00
-5.045873e-02,5.000000e-01,9.430000e-01,5.000000e-02,5.072162e-01,3.800502e-02,0.000000e+00
-5.017604e-02,5.000000e-01,9.440000e-01,5.000000e-02,5.134441e-01,3.709240e-02,0.000000e+00
-4.989335e-02,5.000000e-01,9.450000e-01,5.000000e-02,5.196722e-01,3.617978e-02,0.000000e+00
-4.959125e-02,5.000000e-01,9.460000e-01,5.000000e-02,5.263213e-01,3.526824e-02,0.000000e+00
-4.928031e-02,5.000000e-01,9.470000e-01,5.000000e-02,5.331623e-01,3.435713e-02,0.000000e+00
-4.896939e-02,5.000000e-01,9.480000e-01,5.000000e-02,5.400029e-01,3.344608e-02,0.000000e+00
-4.865846e-02,5.000000e-01,9.490000e-01,5.000000e-02,5.468435e-01,3.253503e-02,0.000000e+00
-4.834754e-02,5.000000e-01,9.500000e-01,5.000000e-02,5.536841e-01,3.162398e-02,0.000000e+00
-4.803662e-02,5.000000e-01,9.510000e-01,5.000000e-02,5.605246e-01,3.071293e-02,0.000000e+00
-4.772568e-02,5.000000e-01,9.520000e-01,5.000000e-02,5.673656e-01,2.980182e-02,0.000000e+00
-4.741476e-02,5.000000e-01,9.530000e-01,5.000000e-02,5.742062e-01,2.889077e-02,0.000000e+00
-4.707883e-02,5.000000e-01,9.540000e-01,5.000000e-02,5.816107e-01,2.800023e-02,0.000000e+00
-4.673932e-02,5.000000e-01,9.550000e-01,5.000000e-02,5.890956e-01,2.711261e-02,0.000000e+00
-4.639982e-02,5.000000e-01,9.560000e-01,5.000000e-02,5.965806e-01,2.622499e-02,0.000000e+00
-4.606029e-02,5.000000e-01,9.570000e-01,5.000000e-02,6.040660e-01,2.533732e-02,0.000000e+00
-4.572079e-02,5.000000e-01,9.580000e-01,5.000000e-02,6.115509e-01,2.444971e-02,0.000000e+00
-4.538128e-02,5.000000e-01,9.590000e-01,5.000000e-02,6.190359e-01,2.356209e-02,0.000000e+00
-4.504177e-02,5.000000e-01,9.600000e-01,5.000000e-02,6.265209e-01,2.267447e-02,0.000000e+00
-4.470052e-02,5.000000e-01,9.610000e-01,5.000000e-02,6.340477e-01,2.179002e-02,0.000000e+00
-4.433337e-02,5.000000e-01,9.620000e-01,5.000000e-02,6.421958e-01,2.095388e-02,0.000000e+00
-4.396623e-02,5.000000e-01,9.630000e-01,5.000000e-02,6.503439e-01,2.011773e-02,0.000000e+00
-4.359909e-02,5.000000e-01,9.640000e-01,5.000000e-02,6.584920e-01,1.928159e-02,0.000000e+00
-4.323194e-02,5.000000e-01,9.650000e-01,5.000000e-02,6.666400e-01,1.844545e-02,0.000000e+00
-4.286478e-02,5.000000e-01,9.660000e-01,5.000000e-02,6.747887e-01,1.760926e-02,0.000000e+00
-4.249763e-02,5.000000e-01,9.670000e-01,5.000000e-02,6.829367e-01,1.677311e-02,0.000000e+00
-4.213049e-02,5.000000e-01,9.680000e-01,5.000000e-02,6.910848e-01,1.593697e-02,0.000000e+00
-4.175645e-02,5.000000e-01,9.690000e-01,5.000000e-02,6.993985e-01,1.512268e-02,0.000000e+00
-4.136168e-02,5.000000e-01,9.700000e-01,5.000000e-02,7.082093e-01,1.437389e-02,0.000000e+00
-4.096694e-02,5.000000e-01,9.710000e-01,5.000000e-02,7.170196e-01,1.362515e-02,0.000000e+00
-4.057219e-02,5.000000e-01,9.720000e-01,5.000000e-02,7.258300e-01,1.287641e-02,0.000000e+00
-4.017745e-02,5.000000e-01,9.730000e-01,5.000000e-02,7.346402e-01,1.212766e-02,0.000000e+00
-3.978271e-02,5.000000e-01,9.740000e-01,5.000000e-02,7.434506e-01,1.137892e-02,0.000000e+00
-3.938794e-02,5.000000e-01,9.750000e-01,5.000000e-02,7.522614e-01,1.063014e-02,0.000000e+00
-3.899319e-02,5.000000e-01,9.760000e-01,5.000000e-02,7.610717e-01,9.881397e-03,0.000000e+00
-3.858335e-02,5.000000e-01,9.770000e-01,5.000000e-02,7.701590e-01,9.192563e-03,0.000000e+00
-3.815409e-02,5.000000e-01,9.780000e-01,5.000000e-02,7.796023e-01,8.580750e-03,0.000000e+00
-3.772483e-02,5.000000e-01,9.790000e-01,5.000000e-02,7.890456e-01,7.968938e-03,0.000000e+00
-3.729554e-02,5.000000e-01,9.800000e-01,5.000000e-02,7.984895e-01,7.357090e-03,0.000000e+00
-3.686628e-02,5.000000e-01,9.810000e-01,5.000000e-02,8.079327e-01,6.745278e-03,0.000000e+00
-3.643701e-02,5.000000e-01,9.820000e-01,5.000000e-02,8.173760e-01,6.133466e-03,0.000000e+00
-3.600775e-02,5.000000e-01,9.830000e-01,5.000000e-02,8.268194e-01,5.521654e-03,0.000000e+00
-3.557846e-02,5.000000e-01,9.840000e-01,5.000000e-02,8.362632e-01,4.909806e-03,0.000000e+00
-3.514719e-02,5.000000e-01,9.850000e-01,5.000000e-02,8.460592e-01,4.419606e-03,0.000000e+00
-3.471471e-02,5.000000e-01,9.860000e-01,5.000000e-02,8.560668e-01,4.002365e-03,0.000000e+00
-3.428224e-02,5.000000e-01,9.870000e-01,5.000000e-02,8.660744e-01,3.585125e-03,0.000000e+00
-3.384976e-02,5.000000e-01,9.880000e-01,5.000000e-02,8.760821e-01,3.167885e-03,0.000000e+00
-3.341725e-02,5.000000e-01,9.890000e-01,5.000000e-02,8.860903e-01,2.750620e-03,0.000000e+00
-3.298478e-02,5.000000e-01,9.900000e-01,5.000000e-02,8.960979e-01,2.333380e-03,0.000000e+00
-3.255230e-02,5.000000e-01,9.910000e-01,5.000000e-02,9.061055e-01,1.916140e-03,0.000000e+00
-3.211982e-02,5.000000e-01,9.920000e-01,5.000000e-02,9.161131e-01,1.498900e-03,0.000000e+00
-3.186998e-02,5.000000e-01,9.930000e-01,5.000000e-02,9.265058e-01,1.272916e-03,0.000000e+00
-3.166227e-02,5.000000e-01,9.940000e-01,5.000000e-02,9.369880e-01,1.091063e-03,0.000000e+00
-3.145458e-02,5.000000e-01,9.950000e-01,5.000000e-02,9.474695e-01,9.092211e-04,0.000000e+00
-3.124689e-02,5.000000e-01,9.960000e-01,5.000000e-02,9.579511e-01,7.273790e-04,0.000000e+00
-3.103919e-02,5.000000e-01,9.970000e-01,5.000000e-02,9.684327e-01,5.455370e-04,0.000000e+00
-3.083149e-02,5.000000e-01,9.980000e-01,5.000000e-02,9.789149e-01,3.636841e-04,0.000000e+00
-3.062379e-02,5.000000e-01,9.990000e-01,5.000000e-02,9.893965e-01,1.818420e-04,0.000000e+00
-3.041610e-02,5.000000e-01,1.000000e+00,5.000000e-02,9.998780e-01,0.000000e+00,0.000000e+00
